-1206.71076716,-93.7893524735,-126.831423857,
-1206.28546592,-93.5264623977,-126.741442323,
-1205.00400119,-92.7348463049,-126.47044298,
-1203.71426522,-91.938867873,-126.197879926,
-1202.41634834,-91.1385997135,-125.923776825,
-1201.11034091,-90.3341144571,-125.648157351,
-1199.78800471,-89.5203611169,-125.369289356,
-1198.45389717,-88.7001725519,-125.08814137,
-1197.11191996,-87.8759686619,-124.805541244,
-1195.76216463,-87.0478231846,-124.521513014,
-1194.40168119,-86.21394606,-124.235441372,
-1193.02400981,-85.3704061885,-123.945975705,
-1191.63878906,-84.523133717,-123.655148477,
-1190.24611159,-83.6722034,-123.362984063,
-1188.84607003,-82.817689949,-123.069506827,
-1187.42597631,-81.9518769563,-122.772064924,
-1185.9983728,-81.0824455285,-122.473293984,
-1184.56364272,-80.2096480346,-122.173279366,
-1183.12187968,-79.3335600799,-121.872045733,
-1181.66134133,-78.4470738386,-121.567147459,
-1180.19225987,-77.556435653,-121.260729705,
-1178.7163905,-76.6627310056,-120.953164309,
-1177.23382766,-75.7660362967,-120.644476204,
-1175.73182464,-74.85867052,-120.332019424,
-1174.22221399,-73.9478203783,-120.018265289,
-1172.70616231,-73.034210971,-119.703462008,
-1171.18228932,-72.1170312941,-119.387328687,
-1169.63932435,-71.189529126,-119.067535831,
-1168.09017711,-70.2595043892,-118.746769285,
-1166.53494365,-69.3270349215,-118.425054476,
-1164.96774738,-68.3886218414,-118.101182534,
-1163.3859201,-67.4427037842,-117.774611749,
-1161.79827246,-66.4945842517,-117.447170281,
-1160.20490106,-65.5443415869,-117.11888374,
-1158.59349347,-64.584662781,-116.787223413,
-1156.97387591,-63.6214439858,-116.454223411,
-1155.34880733,-62.6563516904,-116.120457987,
-1153.71305565,-61.6863037594,-115.784859331,
-1152.06193533,-60.7085598433,-115.446476266,
-1150.40564275,-59.7291977167,-115.107409258,
-1148.74427555,-58.7482966315,-114.767684254,
-1147.06269075,-57.75694903,-114.424213149,
-1145.37567047,-56.7639204923,-114.080029299,
-1143.68386083,-55.7696143322,-113.735270912,
-1141.97644313,-54.7677026275,-113.387741016,
-1140.2592148,-53.7616350363,-113.038632619,
-1138.53748819,-52.7545566111,-112.689034912,
-1136.80355648,-51.7419879953,-112.337390239,
-1135.05666336,-50.7235329422,-111.983557236,
-1133.30556876,-49.7043392092,-111.629321902,
-1131.54446,-48.6810511793,-111.273515361,
-1129.76846922,-47.6508847643,-110.91516544,
-1127.98857933,-46.6202570912,-110.556501889,
-1126.19965024,-45.5862193206,-110.196495861,
-1124.39515296,-44.5450424012,-109.833844542,
-1122.58706442,-43.5036868038,-109.470969987,
-1120.7696932,-42.4589030569,-109.106736918,
-1118.93730481,-41.4074414702,-108.740007633,
-1117.10163832,-40.3560888225,-108.373147166,
-1115.25522646,-39.3005989081,-108.004670171,
-1113.39558667,-38.239603663,-107.634094336,
-1111.53298711,-37.1790098758,-107.263480998,
-1109.65696117,-36.1128916387,-106.890754475,
-1107.77073416,-35.0431390747,-106.516571552,
-1105.88187066,-33.9740852416,-106.14244639,
-1103.97568412,-32.8974565852,-105.765476647,
-1102.06355853,-31.8197484958,-105.3879342,
-1100.14749607,-30.742124802,-105.01022471,
-1098.21225965,-29.6560619408,-104.629352206,
-1096.27494862,-28.5712256574,-104.248705941,
-1094.32765326,-27.4832200103,-103.866738349,
-1092.36763154,-26.3905709826,-103.482926099,
-1090.40587265,-25.299459416,-103.099439893,
-1088.4268741,-24.2013050565,-102.713254742,
-1086.44282479,-23.1029442319,-102.326773403,
-1084.45238897,-22.0036784603,-101.93974639,
-1082.44624205,-20.8984140413,-101.550371533,
-1080.43894731,-19.795241532,-101.161500019,
-1078.41586127,-18.6861560169,-100.770299729,
-1076.38692527,-17.5766824597,-100.378717852,
-1074.35143318,-16.4664822068,-99.9866307363,
-1072.30107627,-15.3510840645,-99.5924497171,
-1070.25017806,-14.2383491274,-99.1989549647,
-1068.18117786,-13.1187980028,-98.8027802277,
-1066.10935187,-12.0007809723,-98.4068821034,
-1064.02702366,-10.8802032664,-98.0098020596,
-1061.93451871,-9.75731248965,-97.6116217487,
-1059.8384243,-8.6357072981,-97.2136162935,
-1057.72550169,-7.50836533528,-96.8132794019,
-1055.61292945,-6.38453437669,-96.4139001279,
-1053.48214217,-5.25439102615,-96.0119694104,
-1051.34969948,-4.12681064325,-95.610648071,
-1049.2043008,-2.99587208836,-95.2078153234,
-1047.05227869,-1.8649981824,-94.8046879812,
-1044.89185852,-0.733323220933,-94.4009502527,
-1042.72056113,0.400373345688,-93.9961576398,
-1040.54471763,1.53270752666,-93.5915172394,
-1038.35446244,2.66874069032,-93.1852048368,
-1036.16280281,3.80163756593,-92.7796696236,
-1033.95392082,4.93950583368,-92.3719877378,
-1031.74752639,6.07284857264,-91.9658898731,
-1029.52476336,7.21203480761,-91.5579509834,
-1027.30709055,8.34598786205,-91.1521631954,
-1025.07290906,9.48565650731,-90.7445666047,
-1022.84354465,10.6201070878,-90.3391106503,
-1020.59847038,11.7596615056,-89.9320535454,
-1018.3578401,12.89405705,-89.5271110767,
-1016.10158558,14.0333008721,-89.1206467073,
-1013.85012864,15.1670727441,-88.7164065179,
-1011.58241968,16.3057850013,-88.3105974161,
-1009.31962593,17.43882392,-87.9070819313,
-1007.04116537,18.576282456,-87.5021738811,
-1004.76626672,19.7085835284,-87.0993672281,
-1002.4780439,20.8439188294,-86.6956616491,
-1000.19080005,21.9751946976,-86.2936510798,
-997.893305962,23.1077756347,-85.8913640487,
-995.593493319,24.2377104262,-85.4902474682,
-993.287232495,25.3668892259,-85.0896026237,
-990.974645113,26.4951375162,-84.6894889562,
-988.660135493,27.6202497592,-84.2907175525,
-986.334585968,28.7464355463,-83.8917271032,
-984.011747601,29.8670868815,-83.4949616183,
-981.673679111,30.9905158965,-83.0973328611,
-979.337351047,32.108650788,-82.7018347631,
-976.992321117,33.2262408357,-82.3066969489,
-974.64235879,34.3405588997,-81.912644497,
-972.29091807,35.4490667535,-81.5203398719,
-969.927186599,36.5565830051,-81.1279782464,
-967.564795981,37.6567805672,-80.737933075,
-965.192315454,38.7547145812,-80.3483059423,
-962.815733972,39.8475491214,-79.9601634014,
-960.438267645,40.9337390116,-79.5740920385,
-958.047436992,42.0186792554,-79.1880496211,
-955.656999277,43.0961493957,-78.8043929762,
-953.26048786,44.1688662191,-78.4220928299,
-950.855469272,45.237728378,-78.0408045321,
-948.450242961,46.2990053235,-77.6619531737,
-946.035913281,47.3563743761,-77.2841318366,
-943.615834547,48.408229814,-76.9079533062,
-941.194971715,49.4523288165,-76.5342822095,
-938.764132903,50.492372866,-76.1616895667,
-936.328212015,51.526131869,-75.791033589,
-933.890959896,52.5519027668,-75.4229761865,
-931.445002674,53.5725424791,-75.0564042162,
-928.992558386,54.5869452585,-74.691743429,
-926.53827005,55.5930636439,-74.3297942726,
-924.078664997,56.592119029,-73.9700764886,
-921.609127197,57.5857275207,-73.6119458311,
-919.137271977,58.5706868183,-73.2566629522,
-916.66283052,59.5469314847,-72.904253802,
-914.178486272,60.5170706176,-72.5536722267,
-911.688659666,61.4791753939,-72.2056790883,
-909.195832543,62.4321019573,-71.860728656,
-906.699754521,63.3757485237,-71.5188585554,
-904.193465351,64.3124534326,-71.179111503,
-901.682035117,65.2400961744,-70.8423355468,
-899.167009589,66.1578901554,-70.5088436609,
-896.648161885,67.065694254,-70.1786860673,
-894.122966731,67.9641587906,-69.8515831971,
-891.588982567,68.8538562356,-69.5272797528,
-889.050911957,69.7328853835,-69.2065504311,
-886.508556529,70.601063519,-68.8894587518,
-883.96172542,71.4581964908,-68.5760718088,
-881.410235783,72.3040785176,-68.2664603343,
-878.849093826,73.1400380634,-67.9600337751,
-876.282926022,73.9642617289,-67.6575427086,
-873.711976946,74.776381777,-67.3591237749,
-871.136099935,75.5761490586,-67.0648615879,
-868.555158298,76.3633024897,-66.7748445135,
-865.969025786,77.1375690218,-66.4891646861,
-863.377587041,77.898663648,-66.2079180146,
-860.780201183,78.6464425568,-65.9311346898,
-858.175219813,79.3810235792,-65.6587208444,
-855.565002184,80.1013824798,-65.3911012967,
-852.949476117,80.807193664,-65.1283850627,
-850.328581713,81.4981205033,-64.8706846798,
-847.702271674,82.1738156121,-64.6181161326,
-845.07051158,82.8339211787,-64.3707987619,
-842.433280139,83.4780693569,-64.1288551561,
-839.790569394,84.1058827179,-63.8924110242,
-837.142384884,84.7169747677,-63.6615950498,
-834.488745766,85.3109505303,-63.4365387236,
-831.829684879,85.8874072004,-63.2173761567,
-829.165248758,86.4459348666,-63.004243871,
-826.495497589,86.9861173077,-62.7972805677,
-823.820505104,87.507532862,-62.5966268734,
-821.140358408,88.0097553725,-62.4024250626,
-818.455157748,88.4923552063,-62.2148187572,
-815.765016203,88.9549003498,-62.0339526017,
-813.070059307,89.3969575793,-61.8599719163,
-810.368522441,89.8184073522,-61.6928302714,
-807.661778958,90.2185829115,-61.5328045374,
-804.950507546,90.5969615229,-61.3800939914,
-802.234892871,90.9531117951,-61.2348451128,
-799.515129277,91.2866083826,-61.0972029074,
-796.791419906,91.5970336006,-60.9673104164,
-794.063975744,91.883979094,-60.8453082068,
-791.330025935,92.1473797615,-60.7310694359,
-788.59198742,92.3865526836,-60.624934792,
-785.850835401,92.6010367991,-60.5271021382,
-783.106817444,92.7904765029,-60.4376986012,
-780.35960231,92.9545806213,-60.3567989385,
-777.606330118,93.0932348315,-60.2842765242,
-774.850960207,93.2058223161,-60.2205478897,
-772.093753502,93.2920717248,-60.1657161245,
-769.333256868,93.3518144958,-60.1197513174,
-766.568680705,93.3848277369,-60.0826761485,
-763.803105668,93.3907774841,-60.0547809811,
-761.036143874,93.3695237895,-60.0360915357,
-758.26480598,93.3209636717,-60.0264590537,
-755.493311026,93.2449109587,-60.0262067107,
-752.720808736,93.1413166329,-60.0353046403,
-749.945276317,93.0101139238,-60.0536507214,
-747.170373229,92.8513437771,-60.0814754052,
-744.393800186,92.6650070698,-60.1186393944,
-741.616568846,92.4512042985,-60.1651878925,
-738.840212268,92.2101377589,-60.2211739933,
-736.06177385,91.9418338485,-60.2864036325,
-733.285071765,91.6467260928,-60.3610179183,
-730.507357158,91.3249160838,-60.4448139028,
-727.730858684,90.9768839723,-60.5378167902,
-724.954651655,90.6029358781,-60.6398882337,
-722.179206701,90.2035373335,-60.7509401766,
-719.40486235,89.7792032403,-60.8708626469,
-716.631160988,89.3304147939,-60.9994998871,
-713.858984402,88.857855487,-61.136733826,
-711.087529494,88.3620617881,-61.282369082,
-708.317734915,87.8438378774,-61.4362593923,
-705.548823074,87.3038117861,-61.5981853663,
-702.781483773,86.742805249,-61.7679890342,
-700.015244038,86.161074077,-61.945662587,
-697.250588377,85.5588289031,-62.1313169338,
-694.48736815,84.9361895764,-62.3250429234,
-691.725687535,84.2933242318,-62.5269371525,
-688.965809643,83.6304402481,-62.7370978579,
-686.207357937,82.9476358443,-62.955606407,
-683.451109558,82.2452359063,-63.1825679799,
-680.696112168,81.5232374924,-63.4180495694,
-677.943624431,80.7820883324,-63.6621594463,
-675.192395753,80.0217284077,-63.9149584692,
-672.44360764,79.2426187569,-64.176546175,
-669.696584817,78.4448292904,-64.446991109,
-666.951645666,77.6286555381,-64.7263742094,
-664.208984382,76.7943780334,-65.0147713023,
-661.468009371,75.9420936455,-65.3122505194,
-658.729628466,75.0722745705,-65.6188880322,
-655.992896619,74.1849385178,-65.9347481109,
-653.258562062,73.2805399105,-66.2598998314,
-650.526432058,72.3593014663,-66.5944066966,
-647.796172856,71.4214093274,-66.9383325821,
-645.068458953,70.4673358315,-67.2917352277,
-642.342476835,69.4971445094,-67.6546783635,
-639.618795496,68.5112962906,-68.0272150796,
-636.897418198,67.5101017069,-68.4093992561,
-634.17771098,66.4936832008,-68.8012932664,
-631.460410064,65.4625838256,-69.2029379227,
-628.745044633,64.4169868012,-69.6143907379,
-626.031550005,63.3572033293,-70.0357023832,
-623.320328283,62.2837031104,-70.4669100568,
-620.610737419,61.1966240267,-70.9080754014,
-617.90308275,60.0964175266,-71.3592349756,
-615.19753752,58.9835028175,-71.8204249267,
-612.493370106,57.8579954989,-72.2917116038,
-609.791084573,56.7204383599,-72.7731182376,
-607.09071603,55.5712234244,-73.2646809602,
-604.391515795,54.4104676047,-73.7664700168,
-601.694035952,53.2387555379,-74.2784991688,
-598.998253398,52.0564759173,-74.800804089,
-596.303468828,50.8637713817,-75.3334566482,
-593.610145875,49.6612179297,-75.8764681239,
-590.918275578,48.4492255241,-76.4298717668,
-588.227270875,47.22798805,-76.9937371943,
-585.537379441,45.9980209131,-77.5680835224,
-582.848673945,44.7597809337,-78.1529379816,
-580.160740858,43.5135401001,-78.7483622307,
-577.473489121,42.2596993984,-79.3543972321,
-574.787137819,40.998789291,-79.9710587754,
-572.101508195,39.7311881798,-80.5983927584,
-569.416049162,38.457126714,-81.2364801415,
-566.731189996,37.1772370986,-81.8853177836,
-564.046825359,35.8919416912,-82.5449473326,
-561.362492733,34.6015193798,-83.215447414,
-558.67822489,33.3064569961,-83.8968512685,
-555.994137658,32.0072823505,-84.5891820988,
-553.310122965,30.7044356224,-85.2924860845,
-550.625549025,29.3981402294,-86.0068720567,
-547.940808194,28.089055618,-86.7323348039,
-545.255820452,26.7776482434,-87.4689216432,
-542.570423708,25.4643544499,-88.2166916934,
-539.884092603,24.1494594773,-88.975755476,
-537.197196695,22.83363619,-89.7461087071,
-534.509629366,21.5173594888,-90.5278087626,
-531.821261964,20.2010997144,-91.3209182636,
-529.131538385,18.8851477009,-92.1255674074,
-526.440836119,17.5702019048,-92.9417504969,
-523.749053666,16.2567597172,-93.7695325571,
-521.056091257,14.9453243914,-94.608980604,
-518.361504275,13.6362555027,-95.4602230795,
-515.665429363,12.3301690452,-96.3232951978,
-512.967895632,11.0276397666,-97.1982495857,
-510.268813049,9.72919622124,-98.0851611043,
-507.568035274,8.43534811844,-98.9841178738,
-504.865166965,7.14650434036,-99.8952607116,
-502.160507686,5.86337698382,-100.818599179,
-499.453981529,4.58652211045,-101.754215196,
-496.745516686,3.31650282935,-102.702192259,
-494.034983052,2.05386302978,-103.662628997,
-491.322056165,0.799071144431,-104.635671257,
-488.607014501,-0.447145842761,-105.621334853,
-485.889806778,-1.68419521237,-106.619707809,
-483.170387522,-2.91147683114,-107.630878858,
-480.448717438,-4.12838313329,-108.654937209,
-477.72452026,-5.33439741845,-109.692033714,
-474.997928877,-6.52883119554,-110.742221071,
-472.269024512,-7.71101410936,-111.805563481,
-469.537797539,-8.88030872523,-112.882148676,
-466.804246559,-10.0360705104,-113.97206324,
-464.068378738,-11.1776480405,-115.075392232,
-461.330041412,-12.3045765492,-116.192195492,
-458.589480073,-13.4167145141,-117.322154899,
-455.846935518,-14.514036065,-118.464888481,
-453.102554327,-15.5965536678,-119.62003947,
-450.356479911,-16.664283088,-120.787250757,
-447.606786707,-17.7167645825,-121.967898301,
-444.85155848,-18.7535422325,-123.163307209,
-442.090724466,-19.7747204322,-124.373119347,
-439.324644985,-20.7802547315,-125.59683862,
-436.553490168,-21.7701713567,-126.834030639,
-433.777407637,-22.7445069271,-128.084270088,
-430.996543044,-23.7033011015,-129.347134182,
-428.211039986,-24.6465964722,-130.622202803,
-425.421039921,-25.574438458,-131.909058622,
-422.62665224,-26.4868846267,-133.207298133,
-419.827860697,-27.3840330582,-134.516567165,
-417.024984887,-28.265877805,-135.836390455,
-414.218156625,-29.132474671,-137.166362825,
-411.407505275,-29.9838817373,-138.506082291,
-408.593157694,-30.820159258,-139.855150105,
-405.77523817,-31.6413695579,-141.21317079,
-402.953868365,-32.4475769308,-142.579752156,
-400.129167266,-33.2388475387,-143.954505309,
-397.301251128,-34.0152493127,-145.337044645,
-394.47011183,-34.7768850378,-146.727037788,
-391.635924697,-35.5238069783,-148.124080266,
-388.798856021,-36.2560716033,-149.527772322,
-385.959010707,-36.9737529708,-150.937741132,
-383.116490743,-37.6769264205,-152.353616932,
-380.271395164,-38.3656684835,-153.775032947,
-377.423820009,-39.0400567944,-155.20162529,
-374.573858283,-39.7001700035,-156.633032866,
-371.721599922,-40.3460876917,-158.068897254,
-368.867131753,-40.9778902861,-159.508862577,
-366.010537462,-41.5956589777,-160.952575366,
-363.151897559,-42.1994756399,-162.3996844,
-360.29128934,-42.7894227487,-163.849840547,
-357.42878686,-43.3655833046,-165.302696578,
-354.564437377,-43.928045819,-166.757917716,
-351.698258085,-44.4769044518,-168.2151832,
-348.830394075,-45.0122256516,-169.674113469,
-345.960906801,-45.534093706,-171.134366448,
-343.089854377,-46.042593052,-172.595600834,
-340.217291552,-46.5378082054,-174.057475829,
-337.343269682,-47.0198236912,-175.519650853,
-334.467836709,-47.4887239743,-176.981785247,
-331.591037136,-47.9445933921,-178.443537954,
-328.712912008,-48.3875160866,-179.904567177,
-325.833498894,-48.8175759384,-181.364530029,
-322.952831864,-49.2348565007,-182.823082147,
-320.070941485,-49.6394409337,-184.279877296,
-317.187854798,-50.0314119399,-185.734566941,
-314.303595318,-50.4108517002,-187.186799803,
-311.418183025,-50.7778418094,-188.636221375,
-308.531634366,-51.1324632132,-190.082473426,
-305.644540289,-51.4750797325,-191.526097895,
-302.758709272,-51.8066995467,-192.969670902,
-299.874191675,-52.1274760789,-194.413020636,
-296.99104716,-52.4374679215,-195.855664907,
-294.109235047,-52.7367468205,-197.297160122,
-291.228711407,-53.0253831748,-198.737054036,
-288.349429132,-53.3034459823,-200.174885053,
-285.471338009,-53.571002786,-201.610181469,
-282.594384814,-53.8281196207,-203.042460673,
-279.718513415,-54.0748609614,-204.471228279,
-276.84366489,-54.3112896715,-205.8959772,
-273.969777671,-54.5374669531,-207.316186655,
-271.096398673,-54.7534926574,-208.731503662,
-268.223655647,-54.959400771,-210.141283515,
-265.351619456,-55.1552316473,-211.544891192,
-262.480216879,-55.3410390377,-212.941740126,
-259.609373032,-55.5168747751,-214.33122378,
-256.73901168,-55.6827887358,-215.712714117,
-253.868265165,-55.8388932859,-217.085917453,
-250.997710953,-55.9851745319,-218.449854874,
-248.127334346,-56.1216688846,-219.803796763,
-245.257160768,-56.2483058877,-221.147277577,
-242.386683945,-56.3648673509,-222.480586715,
-239.516407885,-56.471035382,-223.803625318,
-236.646951889,-56.5664816844,-225.116258069,
-233.778357021,-56.6509076255,-226.418610068,
-230.909985514,-56.7240367726,-227.711098269,
-228.043140112,-56.785480142,-228.993326209,
-225.177851499,-56.8349105039,-230.265449088,
-222.313418247,-56.8720135974,-231.527929157,
-219.451290296,-56.8963799592,-232.780351021,
-216.590962496,-56.9076641436,-234.023114977,
-213.732735872,-56.9054777596,-235.256299769,
-210.877499416,-56.8894129245,-236.479763235,
-208.024233312,-56.8590821575,-237.694134069,
-205.174751013,-56.8140457584,-238.898931557,
-202.327776815,-56.7538804531,-240.094903137,
-199.485071712,-56.6781376785,-241.281623998,
-196.645564822,-56.5863500016,-242.459780909,
-193.81094583,-56.4780596074,-243.629014027,
-190.980023286,-56.3527496264,-244.790077788,
-188.154641483,-56.209953496,-245.942591916,
-185.333831426,-56.0491124076,-247.087252893,
-182.51888862,-55.8697264387,-248.223925598,
-179.709949954,-55.6712404889,-249.352926731,
-176.906929411,-55.4530607918,-250.474671128,
-174.111072659,-55.2146596367,-251.589104896,
-171.322213192,-54.9554028503,-252.696711789,
-168.540770133,-54.6746718043,-253.797781357,
-165.767733885,-54.3718863386,-254.892419243,
-163.003489308,-54.0464005566,-255.980973348,
-160.247834659,-53.6974756005,-257.064024496,
-157.50209504,-53.3245255071,-258.141629446,
-154.766811355,-52.9268670876,-259.214151942,
-152.042561742,-52.5038041307,-260.281967729,
-149.329777851,-52.0545981783,-261.345531045,
-146.629062831,-51.5785149783,-262.405261784,
-143.941435704,-51.0748797765,-263.461458272,
-141.267640194,-50.5429632521,-264.514544808,
-138.608466274,-49.9820333107,-265.564956876,
-135.964751708,-49.3913582324,-266.613140595,
-133.337383372,-48.7702102557,-267.659551997,
-130.72729831,-48.1178696217,-268.704656126,
-128.135484445,-47.4336290974,-269.748925927,
-125.562980894,-46.7167989889,-270.792840915,
-123.010877807,-45.9667126507,-271.836885618,
-120.480315651,-45.1827324841,-272.881547747,
-117.972483879,-44.3642564055,-273.927316126,
-115.488618891,-43.5107247528,-274.974678334,
-113.030001224,-42.6216275808,-276.024118086,
-110.597951904,-41.696512276,-277.076112341,
-108.19382791,-40.7349914067,-278.131128156,
-105.819016695,-39.736750697,-279.189619301,
-103.474897268,-38.7015414807,-280.25203661,
-101.162802241,-37.6291690318,-281.318839137,
-98.8843229839,-36.5196573955,-282.390353128,
-96.6408607861,-35.3730533694,-283.466838226,
-94.433495237,-34.1894079343,-284.547733337,
-92.2631223967,-32.9688301184,-285.632073607,
-90.1305852707,-31.7115366889,-286.718863014,
-88.036626192,-30.4178262731,-287.80710258,
-85.9820131903,-29.0881680472,-288.895729992,
-83.9674136995,-27.7231267804,-289.983683746,
-81.9933884364,-26.3233559259,-291.069911506,
-80.060413297,-24.8896110919,-292.153363772,
-78.1688754701,-23.42274488,-293.233000755,
-76.3190705659,-21.9237004627,-294.307799168,
-74.5112008076,-20.3935040047,-295.376758804,
-72.7453926636,-18.8332741945,-296.438897913,
-71.0216530024,-17.244171252,-297.493284731,
-69.3398868506,-15.6273987236,-298.539034182,
-67.699919742,-13.9842129569,-299.575300593,
-66.10149086,-12.3159025467,-300.601287631,
-64.5442573233,-10.6237774887,-301.616251515,
-63.0278246521,-8.90919100803,-302.619486643,
-61.5517500635,-7.1735329139,-303.610327457,
-60.1154422986,-5.41807932665,-304.588220703,
-58.71828904,-3.64413525288,-305.552646308,
-57.3596247802,-1.8529784906,-306.503142212,
-56.038737489,-0.0458517733098,-307.439303462,
-54.7573153557,1.77210108723,-308.359013449,
-53.5218223802,3.58712649334,-309.256580601,
-52.330922425,5.39723151994,-310.131868294,
-51.1831581574,7.20073815383,-310.984897605,
-50.076902474,8.99642776753,-311.815889789,
-49.0105577516,10.7832277351,-312.625119438,
-47.9826498341,12.5600323618,-313.412838504,
-46.9918671785,14.3255995085,-314.179238742,
-46.0365869755,16.0795161579,-314.924820974,
-45.115633346,17.8206595276,-315.649796396,
-44.2278706119,19.5479795846,-316.354397587,
-43.371890796,21.2612198833,-317.039131604,
-42.5465665372,22.9597043998,-317.70433169,
-41.750814972,24.6428332172,-318.350342221,
-40.9835967863,26.3100802247,-318.977516515,
-40.2439151974,27.960990614,-319.586214802,
-39.5308148779,29.5951782083,-320.176802331,
-38.8433808341,31.2123226564,-320.749647639,
-38.1807372496,32.8121665232,-321.305120959,
-37.5420463023,34.3945123061,-321.843592765,
-36.9267387322,35.9585475857,-322.365230436,
-36.3339279522,37.5044993299,-322.870504031,
-35.7628158839,39.0325130675,-323.359835074,
-35.2128363492,40.5421847741,-323.833466207,
-34.6835262983,42.0328964406,-324.291569649,
-34.1739472172,43.5056514203,-324.734760858,
-33.681529879,44.9597457622,-325.164725421,
-33.2029940573,46.396773947,-325.583795376,
-32.7379995462,47.8157679071,-325.992093478,
-32.2854121543,49.21548373,-326.390412427,
-31.8449038538,50.5942973028,-326.778876291,
-31.4156236193,51.9535342055,-327.158116935,
-30.9975124359,53.2918047292,-327.528058813,
-30.5898508309,54.610172295,-327.889238768,
-30.1921752597,55.9088873153,-328.24197181,
-29.8043906148,57.1868760778,-328.586244107,
-29.4258854911,58.4450886737,-328.922524252,
-29.0562601926,59.6837662105,-329.25109533,
-28.6951835159,60.9029543158,-329.572184892,
-28.3424735488,62.102152929,-329.885889163,
-27.9977270978,63.2818094573,-330.192515155,
-27.6605752356,64.4423095981,-330.492344436,
-27.3307312163,65.5837630437,-330.785587955,
-27.0079173297,66.7062952695,-331.072454277,
-26.6918650057,67.8100383247,-331.35316493,
-26.3823144023,68.8951333279,-331.627949004,
-26.0790138113,69.9617367847,-331.897028834,
-25.7817197283,71.0100176844,-332.160619477,
-25.4901964605,72.0401565162,-332.418929053,
-25.2042157513,73.0523443464,-332.672159079,
-24.9235564218,74.0467819511,-332.920504778,
-24.648004027,75.0236790033,-333.164155383,
-24.3773505273,75.9832533103,-333.40329442,
-24.1113939738,76.9257300991,-333.638099985,
-23.8499382068,77.8513413474,-333.868745005,
-23.5927925673,78.7603251574,-334.095397488,
-23.3397716205,79.6529251709,-334.318220764,
-23.0907557019,80.5290824031,-334.537316582,
-22.8456063774,81.3888503336,-334.752804357,
-22.604063289,82.2329310327,-334.964918303,
-22.3659586229,83.0615879132,-335.173805907,
-22.1311286043,83.8750875134,-335.379611,
-21.8994738909,84.6733779503,-335.582416786,
-21.6709266015,85.4562495512,-335.782276725,
-21.4451904192,86.2247285661,-335.97945989,
-21.2221150687,86.9790930581,-336.174097811,
-21.0016397379,87.7191488076,-336.366237479,
-20.7836883052,88.4447878044,-336.555940197,
-20.5679679982,89.1571134089,-336.743472358,
-20.3543392904,89.856410363,-336.928955542,
-20.1429230746,90.5415034772,-337.112264306,
-19.9333321469,91.214083987,-337.293754862,
-19.7254296851,91.8744605113,-337.473546246,
-19.5193481592,92.5213946973,-337.651501476,
-19.3147097214,93.1565902098,-337.827968328,
-19.1114135455,93.7801756241,-338.003031475,
-18.909540814,94.3912074026,-338.176602066,
-18.7087173115,94.9914288056,-338.349024795,
-18.5089717347,95.5802154515,-338.520260555,
-18.3101761734,96.1578707316,-338.690419259,
-18.1120617773,96.72556228,-338.859745393,
-17.9148137526,97.2817087079,-339.028049622,
-17.7180039442,97.828462879,-339.195728499,
-17.5217019806,98.3649457263,-339.362702697,
-17.3257242633,98.8918322374,-339.529134857,
-17.1299174674,99.4096213699,-339.695158622,
-16.9343012955,99.9177277201,-339.860741576,
-16.7385395264,100.417809734,-340.026192478,
-16.5428161822,100.908235134,-340.191320702,
-16.3467016237,101.391275432,-340.356524594,
-16.1503500937,101.865472862,-340.521641442,
-15.9534256797,102.332520821,-340.686979488,
-15.7559827583,102.791591284,-340.85247138,
-15.55778116,103.24377132,-341.018333061,
-15.3587912162,103.688772773,-341.184577531,
-15.1588442915,104.12722079,-341.351351508,
-14.9578488195,104.559232255,-341.51872719,
-14.7556871563,104.985096226,-341.686801709,
-14.5522245047,105.405218347,-341.855688585,
-14.3473771165,105.819659183,-342.025451763,
-14.1409823715,106.229015053,-342.196231296,
-13.9329765613,106.633207752,-342.368071278,
-13.7231816032,107.032944018,-342.541126414,
-13.511543021,107.428079105,-342.715431394,
-13.2978767789,107.81936735,-342.891146417,
-13.0821296937,108.206652598,-343.068304491,
-12.8641186267,108.590690998,-343.247064715,
-12.6437864465,108.97135342,-343.427463556,
-12.4209552827,109.34936868,-343.609654821,
-12.1955613553,109.724656805,-343.793681149,
-11.9674341276,110.097906356,-343.97968911,
-11.7365028605,110.469092766,-344.167727927,
-11.50260428,110.838867237,-344.357937087,
-11.2656626262,111.20725137,-344.550370645,
-11.025519842,111.574877305,-344.745163118,
-10.7820992003,111.941788495,-344.942369585,
-10.5352439987,112.308631315,-345.14212353,
-10.2848825854,112.675432066,-345.344475318,
-10.0308540879,113.042899245,-345.549563014,
-9.77309984098,113.410988697,-345.757424717,
-9.51144776616,113.78053313,-345.96821024,
-9.24586184966,114.151350697,-346.181936135,
-8.97615040785,114.52447421,-346.398772562,
-8.70231138817,114.899503337,-346.618703634,
-8.42412388406,115.2777603,-346.841929746,
-8.14163265307,115.658532276,-347.06839016,
-7.85457687219,116.043533246,-347.298326575,
-7.56306239467,116.431631005,-347.531619563,
-7.26678376877,116.824990986,-347.768557399,
-6.96590281197,117.222108133,-348.008967341,
-6.660115603,117.625253219,-348.253139193,
-6.34953635355,118.033394301,-348.500950011,
-6.03397100489,118.448050931,-348.75258429,
-5.71344255191,118.869048447,-349.008013009,
-5.38788520772,119.297006421,-349.267297361,
-5.05721698789,119.732763138,-349.53051706,
-4.7215197647,120.175877884,-349.797590987,
-4.38061631689,120.628167025,-350.068699116,
-4.03468478265,121.088562595,-350.343669666,
-3.68357243645,121.558892553,-350.622664486,
-3.32736327677,122.039098157,-350.905612296,
-2.96611106217,122.5294914,-351.192475556,
-2.59975592681,123.031500588,-351.483334724,
-2.2285244977,123.544205924,-351.777986855,
-1.85234786237,124.06940687,-352.076530321,
-1.4713466605,124.607410103,-352.378877907,
-1.08571990315,125.157981662,-352.684868254,
-0.695471524208,125.722798793,-352.994542119,
-0.300823744621,126.301774605,-353.307725681,
0.098034269361,126.895299283,-353.624284208,
0.500994881948,127.50470942,-353.944171852,
0.907776531453,128.129962363,-354.267173017,
1.31812860655,128.771503793,-354.593110005,
1.73186467454,129.430602792,-354.921877456,
2.14866806603,130.10754649,-355.253244766,
2.56815865525,130.802243993,-355.586923705,
2.99009733697,131.516178765,-355.922777537,
3.41411969014,132.249891345,-356.26054933,
3.83976742602,133.003249719,-356.599893494,
4.26666250516,133.777132695,-356.940554283,
4.6944031613,134.572435576,-357.282259468,
5.12252496252,135.38967636,-357.624680031,
5.55049061591,136.228870265,-357.967419091,
5.97780577152,137.09067446,-358.310131124,
6.4039758306,137.975960145,-358.652477401,
6.82844736046,138.885202469,-358.99406487,
7.25064809655,139.818863047,-359.33448696,
7.66995182633,140.777001495,-359.673286349,
8.0857698654,141.760204243,-360.010049594,
8.49751207098,142.76916706,-360.344366082,
8.90455113137,143.804289043,-360.675789866,
9.30625214468,144.865952459,-361.003869628,
9.70197542527,145.954522632,-361.328150721,
10.0910794414,147.070348031,-361.648177294,
10.4729171877,148.213686187,-361.96348743,
10.8468377232,149.384683141,-362.273613651,
11.2122385558,150.583929781,-362.578137511,
11.5685014843,151.811712283,-362.876620586,
11.9150219336,153.06830375,-363.168634454,
12.2521835039,154.353410552,-363.454464997,
12.5813147458,155.666245506,-363.735081135,
12.9031441138,157.006421617,-364.011018251,
13.2182923517,158.373651682,-364.282734046,
13.5272931707,159.767729285,-364.550623502,
13.8306090642,161.188514279,-364.815030324,
14.1286435898,162.635921516,-365.076255824,
14.4217510396,164.109911988,-365.334565927,
14.7102441487,165.610485772,-365.590196751,
14.9944003088,167.137676342,-365.843359109,
15.2744666284,168.691545945,-366.094242179,
15.5506507085,170.272006495,-366.343001679,
15.8231490252,171.879137048,-366.58978986,
16.0921528725,173.513230215,-366.83476124,
16.3578235159,175.174431597,-367.078044089,
16.6203069026,176.862901909,-367.319755918,
16.8797354133,178.578815385,-367.560004756,
17.1362293663,180.322358393,-367.798890251,
17.3898693848,182.09331853,-368.036471688,
17.6407667382,183.892051472,-368.27284726,
17.8890287322,185.718997004,-368.508114859,
18.1347389379,187.574380015,-368.74234907,
18.3779639291,189.458285188,-368.975608264,
18.6187386547,191.3704178,-369.207917057,
18.8571716307,193.311669662,-369.439388265,
19.093322095,195.282292693,-369.670080608,
19.3272057365,197.281940405,-369.900004092,
19.5588887036,199.311105379,-370.129230125,
19.7884393444,201.370394669,-370.357835439,
20.0158604437,203.459435705,-370.585821014,
20.2412054281,205.578709735,-370.813249902,
20.4645362381,207.728902921,-371.0401978,
20.6858226526,209.909225501,-371.266630834,
20.905155136,212.120928327,-371.492662901,
21.1225314492,214.363758956,-371.718297159,
21.3379797887,216.638005611,-371.94357522,
21.5515401757,218.944200237,-372.168555037,
21.7632042245,221.282053928,-372.393235877,
21.9730314463,223.652505761,-372.617703083,
22.1809434982,226.054026264,-372.841869664,
22.3862768677,228.47414296,-373.064899433,
22.5888087282,230.908038279,-373.286500921,
22.7886071872,233.356211078,-373.506751225,
22.9856871224,235.818182003,-373.725659905,
23.1800989394,238.294163245,-373.943283082,
23.3718734737,240.784011185,-374.159652246,
23.5610401915,243.287565896,-374.374797352,
23.7476569972,245.805102556,-374.588747476,
23.9317533342,248.336011681,-374.801409898,
24.1134281963,250.881058426,-375.012772539,
24.2926906069,253.439155746,-375.222700045,
24.4696482697,256.011260571,-375.431188341,
24.6443296546,258.596672151,-375.638123868,
24.8168092771,261.195654868,-375.843453541,
24.9871264803,263.808151812,-376.047090231,
25.1550094045,266.432360647,-376.248704128,
25.3204873441,269.068685791,-376.448216394,
25.4836190151,271.716390193,-376.645521846,
25.6445254528,274.376158366,-376.840599981,
25.8032934169,277.047949258,-377.033382643,
25.9599953055,279.731421198,-377.22378152,
26.1147492975,282.427308316,-377.411769368,
26.2676136703,285.134997289,-377.597237131,
26.4186909219,287.854915991,-377.780134277,
26.5680764668,290.587356441,-377.960399198,
26.7158176451,293.331501172,-378.137906228,
26.8620353958,296.088277939,-378.312624869,
27.0068010803,298.857466969,-378.484458399,
27.150180008,301.638714743,-378.653301946,
27.2922801208,304.432694398,-378.8191029,
27.4331654128,307.239045323,-378.981752185,
27.5729119434,310.057703113,-379.141155019,
27.7116192895,312.889175822,-379.297242984,
27.8493481409,315.733048877,-379.449900165,
27.9861784219,318.589375286,-379.599032468,
28.1222055618,321.458585583,-379.74456117,
28.2574907565,324.34029634,-379.886368137,
28.3921110475,327.234509174,-380.024352052,
28.526161667,330.14166291,-380.158428535,
28.6597080169,333.061488815,-380.288480877,
28.7928174448,335.993770944,-380.414394329,
28.9255888059,338.939040659,-380.536082563,
29.0580954283,341.897226159,-380.653432903,
29.1903878877,344.867730062,-380.766312837,
29.3225724808,347.851259178,-380.874636792,
29.4547257348,350.847822429,-380.978291056,
29.5868996771,353.856871095,-381.077142789,
29.719186213,356.878777197,-381.171089082,
29.851670133,359.913744619,-381.260018917,
29.984419642,362.961603024,-381.343808555,
30.1174934817,366.021980461,-381.422328743,
30.2509923414,369.095439341,-381.49547454,
30.3849919751,372.181983449,-381.563123523,
30.5195481277,375.281188647,-381.625142738,
30.6547426636,378.393205702,-381.681412441,
30.7906639607,381.51831971,-381.731813452,
30.9273871888,384.656531992,-381.776218847,
31.0649601643,387.807283996,-381.81449185,
31.2034780823,390.971009799,-381.8465122,
31.3430228571,394.147837757,-381.872152122,
31.4836837586,397.337763671,-381.891281739,
31.6255101912,400.540210057,-381.903764059,
31.7685999981,403.755660614,-381.909472434,
31.9130313862,406.984205317,-381.908273711,
32.0588775852,410.225841232,-381.900032757,
32.2061858353,413.48008807,-381.884612452,
32.355044381,416.747250286,-381.861878381,
32.5055343495,420.027494611,-381.831693191,
32.657727351,423.320816293,-381.793917913,
32.8116793469,426.626943413,-381.748414024,
32.9674548586,429.945776275,-381.695042841,
33.1251442514,433.277671763,-381.633661384,
33.2848169534,436.622623548,-381.564126953,
33.4465417559,439.980624999,-381.486295917,
33.6103526483,443.351111863,-381.400031981,
33.7763468195,446.734581682,-381.305184477,
33.9445940649,450.13108062,-381.20160631,
34.1151601029,453.540600843,-381.089150137,
34.2881024879,456.963022526,-380.96767023,
34.4634602304,460.39796629,-380.837027313,
34.6413271469,463.845907257,-380.69706112,
34.821764987,467.306836792,-380.5476205,
35.0048343568,470.780746189,-380.388553311,
35.1905848397,474.267487293,-380.219711069,
35.379052503,477.766749583,-380.040951257,
35.5703245748,481.27896533,-379.85210487,
35.7644562729,484.804125726,-379.653015644,
35.9615012662,488.342222095,-379.443526209,
36.1615089768,491.893211758,-379.223479578,
36.3644908896,495.456586346,-378.99273969,
36.5705353573,499.032871354,-378.75112314,
36.7796887859,502.622059019,-378.49846781,
36.991995491,506.224142021,-378.234610268,
37.207497568,509.83911356,-377.959385713,
37.4262053787,513.46661149,-377.672653113,
37.6481810664,517.106813621,-377.374348999,
37.8734989238,520.759910576,-377.064515615,
38.102217807,524.425891333,-376.743205635,
38.3343974462,528.104746893,-376.410465526,
38.570098455,531.796470494,-376.066335577,
38.8093546644,535.500757106,-375.710871445,
39.0522599975,539.217956754,-375.344076983,
39.2988797426,542.948089853,-374.965972048,
39.5492781674,546.691159157,-374.576571647,
39.8035203588,550.447170619,-374.175884408,
40.0616721852,554.216133645,-373.763912457,
40.323793034,557.99799026,-373.340657217,
40.5899572053,561.792829327,-372.906101577,
40.8602384568,565.600728724,-372.460222155,
41.1347050681,569.42171136,-372.002993166,
41.4134256205,573.255804774,-371.534381281,
41.6964688304,577.103041459,-371.054345303,
41.983903346,580.9634592,-370.562835783,
42.2757975013,584.837101435,-370.059794596,
42.5722223872,588.724046669,-369.5451516,
42.8732481673,592.624378218,-369.018826898,
43.1789370844,596.53813006,-368.480735798,
43.4893521774,600.465367593,-367.930780271,
43.8045538972,604.40616396,-367.368850481,
44.1245993667,608.360600682,-366.794823862,
44.4495414952,612.328768376,-366.208564062,
44.779427918,616.310767576,-365.60991973,
45.1142997252,620.306709686,-364.998723116,
45.4541899339,624.316718079,-364.374788464,
45.7991216488,628.340929401,-363.737910133,
46.1491058416,632.379495105,-363.087860417,
46.5041386606,636.432583289,-362.424386979,
46.8641981595,640.500380907,-361.747209831,
47.2292403033,644.583096458,-361.056017747,
47.5991940668,648.680963275,-360.350463971,
47.9739553864,652.794243586,-359.630161055,
48.3533796508,656.923233583,-358.894674587,
48.7372723118,661.068269777,-358.143515503,
49.125377049,665.229737085,-357.376130581,
49.5173924979,669.408266437,-356.591866073,
49.912942768,673.604669779,-355.789961581,
50.3114212505,677.81920492,-354.969630603,
50.7121271018,682.052603016,-354.129904483,
51.1141612726,686.305740527,-353.26964559,
51.5163663492,690.579682701,-352.387502421,
51.917433078,694.876723604,-351.481710749,
52.3153316251,699.19809502,-350.550335037,
52.7074075575,703.545577484,-349.590940049,
53.0902032904,707.922094278,-348.600341004,
53.4593267835,712.333289038,-347.57411348,
53.8076387154,716.782703338,-346.506869716,
54.125279923,721.278677235,-345.390511971,
54.3970658958,725.83479203,-344.212712289,
54.6635096592,730.433759751,-342.984120873,
54.9917893863,735.044955844,-341.733992128,
55.3871639105,739.661021552,-340.467469691,
55.8519149502,744.282826931,-339.185609705,
56.3858235575,748.906244339,-337.889504727,
56.9900068767,753.533185396,-336.579069021,
57.6644113429,758.160703253,-335.254919781,
58.4097102929,762.787616802,-333.917379717,
59.2275581885,767.414778307,-332.566428388,
60.1190777604,772.039748717,-331.202577715,
61.0860783103,776.660842239,-329.82620548,
62.1309812323,781.276580324,-328.437631742,
63.256718,785.885126624,-327.037203591,
64.4667770948,790.484188614,-325.62530334,
65.7652577995,795.070896812,-324.202360908,
67.1568615263,799.64166113,-322.768856499,
68.6460629304,804.193126017,-321.32488898,
70.2374780043,808.723248674,-319.869965192,
71.9340089365,813.224963992,-318.404381868,
73.7416006177,817.696533256,-316.927273801,
75.6638634373,822.130036065,-315.438788604,
77.7067532026,826.520962627,-313.938224218,
79.8758216977,830.862592467,-312.425100875,
82.1762611664,835.146432885,-310.899088807,
84.6138040431,839.363845836,-309.359664029,
87.194578816,843.505730632,-307.806151716,
89.9239973736,847.561091333,-306.238053082,
92.8062926836,851.516982282,-304.655115607,
95.8475211947,855.362380727,-303.056387461,
99.0498112609,859.081833181,-301.441879069,
102.415768922,862.661210256,-299.811184029,
105.946165641,866.08564706,-298.16410291,
109.639685987,869.340107137,-296.500644339,
113.492770616,872.41003513,-294.821012965,
117.499582029,875.282046656,-293.125584341,
121.65226521,877.944674254,-291.414829609,
125.940917005,880.38876166,-289.689339523,
130.353512349,882.607751831,-287.949877925,
134.877370109,884.598431499,-286.197082878,
139.498801362,886.360577604,-284.431628914,
144.20408708,887.897015691,-282.654071913,
148.980247291,889.213335853,-280.8647459,
153.814583957,890.31725539,-279.0639434,
158.696404441,891.218390168,-277.251561568,
163.615078008,891.927431803,-275.427610235,
168.562770487,892.455996816,-273.591582018,
173.532045831,892.815974359,-271.743042496,
178.516638587,893.019214289,-269.881599689,
183.512580681,893.075865492,-268.008379947,
188.516527944,892.994932938,-266.125716231,
193.525851036,892.785299612,-264.235731476,
198.53856807,892.455621434,-262.340314687,
203.553276103,892.014231622,-260.441130475,
208.56908025,891.46907419,-258.53963297,
213.585523792,890.827662094,-256.637082475,
218.58845378,890.100084638,-254.738255137,
223.562603204,889.297215458,-252.84817821,
228.508847107,888.426382851,-250.967566099,
233.426519437,887.494707571,-249.097443577,
238.31620552,886.508485727,-247.238418978,
243.176952568,885.473937444,-245.391426338,
248.00982162,884.396280428,-243.55679518,
252.814742704,883.280612794,-241.735086455,
257.591713334,882.131626539,-239.9267821,
262.340785605,880.953636002,-238.132293708,
267.062055392,879.750605259,-236.351970304,
271.75565347,878.526174161,-234.586105259,
276.421738375,877.283682834,-232.834942401,
281.06049085,876.026194555,-231.098681364,
285.670923235,874.756934496,-229.377790005,
290.253940142,873.478243745,-227.672211437,
294.809319967,872.192641536,-225.982152501,
299.336495584,870.902580655,-224.307881203,
303.835803941,869.610007851,-222.649407722,
308.307208296,868.316834979,-221.006816494,
312.749636312,867.025203116,-219.380434497,
317.163898406,865.736413573,-217.770089952,
321.549657884,864.4520569,-216.17588651,
325.906616038,863.173586756,-214.597901755,
330.234423845,861.90236135,-213.03621082,
334.532901232,860.639568439,-211.490832898,
338.802140605,859.386192711,-209.961707727,
343.041916122,858.143246607,-208.448843702,
347.251870313,856.911706843,-206.952271355,
351.432147654,855.692279653,-205.471888904,
355.582758201,854.485599931,-204.007614287,
359.703449018,853.29143327,-202.559307049,
363.79361757,852.108907148,-201.126815925,
367.851825112,850.937537692,-199.710202806,
371.878883176,849.776077446,-198.309003855,
375.873977657,848.623982491,-196.923161212,
379.836489693,847.480714115,-195.552582433,
383.767040232,846.345329516,-194.196893417,
387.664450076,845.217644365,-192.856158562,
391.529636077,844.096726522,-191.529957758,
395.362026601,842.98227456,-190.218232655,
399.16168841,841.873791476,-188.920783916,
402.929335121,840.770571203,-187.63727077,
406.664238791,839.672518088,-186.367697255,
410.367036794,838.579037355,-185.111757067,
414.038241569,837.489615747,-183.869181412,
417.678065583,836.403890913,-182.639778342,
421.286398904,835.321661921,-181.423436554,
424.863761893,834.242499875,-180.219905591,
428.410772577,833.165957306,-179.028918973,
431.927813546,832.091703467,-177.850270087,
435.415299722,831.019413376,-176.683750194,
438.87367414,829.948767348,-175.529149131,
442.303403956,828.879450619,-174.386255962,
445.704976697,827.811153043,-173.254859588,
449.078896737,826.74356886,-172.134749315,
452.425682022,825.67639652,-171.025715369,
455.745861028,824.609338558,-169.927549374,
459.039969959,823.542101499,-168.840044782,
462.30855017,822.47439581,-167.762997261,
465.552145827,821.405935857,-166.696205037,
468.771301769,820.336439899,-165.639469204,
471.966155884,819.265816731,-164.592684749,
475.137494142,818.193683388,-163.555604068,
478.285966884,817.119718377,-162.528012683,
481.412106738,816.043655132,-161.509724905,
484.516439124,814.965231086,-160.500558936,
487.598866185,813.884483176,-159.500473673,
490.660328492,812.800955061,-158.509198886,
493.701471369,811.714326739,-157.526532228,
496.722694454,810.624395758,-156.552327765,
499.723735082,809.531289376,-155.586587752,
502.705859936,808.434378367,-154.628977408,
505.669524966,807.333428143,-153.679343283,
508.614194546,806.228708734,-152.737752117,
511.5412054,805.119540185,-151.803858673,
514.450868672,804.005757207,-150.877545618,
517.342783193,802.88756787,-149.958853469,
520.218285078,801.764272594,-149.047441605,
523.077095044,800.636014689,-148.14332596,
525.9197031,799.502532491,-147.246354342,
528.746812269,798.363443393,-146.356329038,
531.55786187,797.219049022,-145.47333035,
534.354251342,796.068580239,-144.597010012,
537.135177801,794.912474945,-143.727502975,
539.901873068,793.750043252,-142.864499777,
542.65390296,792.581521975,-142.008056163,
545.392022095,791.406477538,-141.157968871,
548.116128943,790.22496011,-140.314222395,
550.826708429,789.036682234,-139.476673986,
553.523792125,787.841616695,-138.64528048,
556.207790294,786.639513095,-137.819916889,
558.878679904,785.430375256,-137.00055324,
561.536980731,784.213881245,-136.1870421,
564.182437645,782.990174169,-135.379405172,
566.815854755,781.758751758,-134.577434554,
569.436576055,780.520005183,-133.7812401,
572.045816737,779.273167335,-132.990525979,
574.642478816,778.018911839,-132.205498874,
577.22789851,776.756382936,-131.425837991,
579.801410293,775.485987815,-130.651657121,
582.363561796,774.207361273,-129.882807595,
584.914523229,772.920375214,-129.119223077,
587.453907258,771.625268835,-128.360958337,
589.982667008,770.321396069,-127.607778593,
592.49993496,769.009318079,-126.859843341,
595.006573527,767.688441081,-126.116938425,
597.502551646,766.358765659,-125.379043362,
599.987455229,765.020560085,-124.646220764,
602.462175987,763.673191525,-123.918251672,
604.926092063,762.317074083,-123.19524437,
607.379569198,760.951936044,-122.477094327,
609.82307031,759.577428127,-121.763676537,
612.255741098,758.194185593,-121.055151194,
614.678557235,756.801705399,-120.351287368,
617.091741915,755.400058435,-119.652017651,
619.494599143,753.989988244,-118.957472982,
621.888192578,752.570932285,-118.267405454,
624.272583043,751.143054867,-117.5817836,
626.647238508,749.706965937,-116.900703858,
629.013062759,748.26218218,-116.223953836,
631.370157727,746.808814718,-115.551494134,
633.71797419,745.347475865,-114.883425703,
636.057353731,743.877695173,-114.219550574,
638.388405095,742.399558513,-113.559828779,
640.710711973,740.913564145,-112.904333498,
643.024852817,739.419418332,-112.252924336,
645.331014252,737.917127483,-111.605545465,
647.628983652,736.407015609,-110.962227119,
649.918983177,734.88905223,-110.322906394,
652.201320405,733.36312845,-109.687502361,
654.475979657,731.829394196,-109.056003804,
656.742835653,730.288088676,-108.428423293,
659.002317296,728.738984722,-107.804654743,
661.254502179,727.182140765,-107.184667775,
663.49919797,725.617841208,-106.568490181,
665.736703576,724.045950649,-105.956044657,
667.967165477,722.466456422,-105.347286898,
670.190581367,720.879469662,-104.742204779,
672.406908665,719.285134502,-104.140795078,
674.61642097,717.683315614,-103.542987092,
676.819178215,716.074058737,-102.948756201,
679.015116172,714.457516754,-102.358104656,
681.204378714,712.83365543,-101.770990406,
683.387085458,711.202457264,-101.187376887,
685.563284979,709.563964588,-100.60724303,
687.732929662,707.918304398,-100.030588629,
689.896197117,706.265396237,-99.4573655508,
692.053131997,704.605276563,-98.8875544026,
694.203763898,702.937992941,-98.3211392923,
696.348141578,701.263572543,-97.7581005053,
698.486339779,699.582015272,-97.1984130516,
700.618395219,697.893353449,-96.6420603543,
702.744366705,696.197595826,-96.0890213936,
704.864302101,694.494758507,-95.5392777717,
706.978223984,692.784878989,-94.9928167754,
709.086161502,691.067986127,-94.4496245672,
711.188246829,689.344006492,-93.9096655842,
713.284438795,687.61303093,-93.3729415788,
715.374753008,685.875093685,-92.8394424522,
717.45924964,684.130182946,-92.3091488732,
719.538065604,682.378207824,-91.7820254179,
721.611094023,680.619315276,-91.2580889927,
723.678351269,678.853529314,-90.737330471,
725.739989793,677.080734889,-90.2197119793,
727.796022648,675.300952718,-89.7052256851,
729.84557309,673.515105276,-89.1940538289,
731.878619664,671.733469899,-88.6883290299,
733.892661013,669.958813111,-88.1885794492,
735.887836574,668.191227106,-87.6947702474,
737.864457858,666.430620496,-87.2068302468,
739.822861415,664.676867208,-86.7246832963,
741.76367119,662.929531306,-86.2481923637,
743.686960742,661.188741223,-85.7773380917,
745.59299452,659.45442029,-85.3120607877,
747.482068891,657.726450851,-84.8522943161,
749.35459348,656.004586744,-84.3979487777,
751.210964564,654.288586317,-83.9489374876,
753.051223203,652.578581225,-83.5052497749,
754.875631441,650.874461748,-83.0668282504,
756.684443702,649.176119913,-82.6336175056,
758.477951626,647.483400772,-82.2055545678,
760.256670577,645.795896836,-81.7825292074,
762.020520197,644.113846043,-81.3645583651,
763.769726418,642.437147693,-80.951594132,
765.504508801,640.765702688,-80.5435903151,
767.225080747,639.099413505,-80.1405023932,
768.9316497,637.438184169,-79.742287475,
770.624760834,635.78153286,-79.3488311938,
772.304283249,634.129731846,-78.9601633723,
773.970394291,632.482704572,-78.5762486176,
775.623279036,630.840361373,-78.1970502604,
777.263117511,629.202613978,-77.8225330764,
778.890084839,627.569375487,-77.4526632562,
780.504351393,625.94056034,-77.0874083759,
782.106235606,624.315906709,-76.7267049162,
783.695929816,622.695293016,-76.3705165512,
785.273408319,621.07884904,-76.0188536818,
786.8388236,619.466494549,-75.671689214,
788.392324052,617.858150502,-75.3289973123,
789.934054091,616.253739021,-74.990753379,
791.464154264,614.653183365,-74.6569340352,
792.98276135,613.056407902,-74.3275171023,
794.490008456,611.463338088,-74.0024815851,
795.986025118,609.873900439,-73.6818076557,
797.471210502,608.287690628,-73.3654186286,
798.945443639,606.704930173,-73.0533487198,
800.408814285,605.125584377,-72.7455878007,
801.861438492,603.549583763,-72.442120582,
803.303429165,601.976859772,-72.1429328739,
804.734896129,600.407344735,-71.8480115772,
806.155946196,598.840971852,-71.5573446735,
807.566476597,597.277770656,-71.2699774056,
808.966380454,595.717777816,-70.9849432267,
810.355754004,594.160938435,-70.7022138157,
811.734690604,592.607198345,-70.4217616082,
813.10328078,591.056504079,-70.1435597838,
814.46168,589.508716068,-69.8675678811,
815.810106793,587.963609117,-69.5937321959,
817.148443105,586.421387309,-69.3220705965,
818.476768739,584.88199953,-69.0525590904,
819.795160886,583.345395243,-68.7851743719,
821.103694158,581.81152447,-68.5198938136,
822.402440619,580.280337772,-68.256695458,
823.691469809,578.751786235,-67.99555801,
824.970848767,577.225821442,-67.7364608299,
826.240642053,575.702395467,-67.4793839272,
827.500911766,574.181460848,-67.2243079549,
828.751717555,572.662970576,-66.9712142048,
829.993116637,571.146878077,-66.7200846026,
831.225163799,569.633137195,-66.4709017048,
832.447911409,568.12170218,-66.2236486952,
833.661409412,566.612527674,-65.9783093833,
834.865827211,565.105400209,-65.7348423518,
836.061249308,563.600217862,-65.4932243012,
837.247562758,562.097150224,-65.2534739174,
838.42480817,560.59615262,-65.0155774203,
839.593023707,559.097180673,-64.7795216523,
840.75223975,557.600198023,-64.5452952108,
841.902492864,556.105169432,-64.3128856983,
843.043838238,554.612052819,-64.0822772148,
844.176325352,553.12081669,-63.8534552006,
845.300003416,551.631430736,-63.6264052498,
846.414921411,550.14386582,-63.4011131014,
847.521128126,548.658093957,-63.1775646295,
848.618672198,547.174088306,-62.9557458341,
849.707602146,545.691823149,-62.7356428323,
850.787966411,544.211273881,-62.5172418492,
851.859882159,542.732313998,-62.3005146274,
852.923530706,541.254719125,-62.0854193957,
853.97875008,539.778781404,-61.8719872667,
855.025588618,538.304480883,-61.6602048419,
856.064094756,536.831798649,-61.4500587889,
857.09431705,535.360716819,-61.2415358339,
858.116304215,533.891218519,-61.0346227546,
