-1183.86862821,-90.3343021189,-231.320978277,
-1183.44313661,-90.0713684434,-231.231001014,
-1182.16173546,-89.2796860627,-230.960005941,
-1180.8719149,-88.4836219462,-230.687438976,
-1179.5740409,-87.6832514324,-230.413345925,
-1178.26811359,-86.8786347821,-230.137726744,
-1176.94571119,-86.0647283436,-229.85885713,
-1175.61171687,-85.2443698019,-229.577713631,
-1174.26979319,-84.4199621156,-229.295120177,
-1172.92018505,-83.5915966985,-229.011107241,
-1171.55971967,-82.7574729974,-228.725033925,
-1170.18217277,-81.9136619775,-228.435557367,
-1168.7970656,-81.0660995939,-228.144737518,
-1167.40464275,-80.2148549017,-227.852574392,
-1166.0047825,-79.3600046894,-227.559083204,
-1164.58491306,-78.4938361582,-227.261639413,
-1163.15748441,-77.6240252468,-226.962852331,
-1161.72298466,-76.7508321405,-226.662813554,
-1160.28153563,-75.8743263611,-226.36156889,
-1158.82117524,-74.9874057549,-226.056646384,
-1157.35239997,-74.0963122157,-225.750197629,
-1155.87691808,-73.2021377493,-225.442588911,
-1154.39472893,-72.3049596531,-225.133866034,
-1152.89301561,-71.3970960462,-224.821358697,
-1151.38373916,-70.4857425318,-224.507554215,
-1149.86811951,-69.5716096056,-224.192696758,
-1148.34469124,-68.6538970762,-223.876496468,
-1146.802102,-67.7258537485,-223.556633981,
-1145.25341169,-66.7952776744,-223.23579493,
-1143.69861981,-65.8622534315,-222.913979377,
-1142.1318669,-64.9232720636,-222.590012349,
-1140.55058921,-63.9767814619,-222.263344575,
-1138.96333085,-63.0280805214,-221.935791879,
-1137.37045785,-62.0772533254,-221.607369536,
-1135.75964147,-61.1169834535,-221.27557506,
-1134.14052472,-60.1531644382,-220.942437914,
-1132.51603719,-59.1874668405,-220.608522673,
-1130.88080793,-58.2168081071,-220.272745964,
-1129.23019839,-57.2384450963,-219.934192244,
-1127.57458431,-56.2584538579,-219.594921449,
-1125.91372159,-55.2769176365,-219.25499463,
-1124.23271788,-54.2849287302,-218.911298979,
-1122.54634342,-53.291244572,-218.566886268,
-1120.85520852,-52.2962763231,-218.221878583,
-1119.14844898,-51.2936872707,-217.874078628,
-1117.43180196,-50.286932625,-217.524691878,
-1115.71076058,-49.2791548504,-217.174786432,
-1113.97751245,-48.265875117,-216.822821168,
-1112.23132537,-47.2466962426,-216.468658742,
-1110.48098883,-46.2267636627,-216.114069129,
-1108.72064238,-45.2027205757,-215.75789275,
-1106.94539541,-44.1717905465,-215.399138065,
-1105.1662263,-43.1403823767,-215.040063684,
-1103.37800192,-42.1055553438,-214.679616975,
-1101.57412594,-41.0635751459,-214.316516345,
-1099.76680237,-40.0214069424,-213.953157529,
-1097.95004812,-38.9757967487,-213.588426649,
-1096.11836964,-37.9234942336,-213.221179327,
-1094.28336435,-36.871292537,-212.853765386,
-1092.43758765,-35.8149341033,-212.484704665,
-1090.57860071,-34.7530603109,-212.11353934,
-1088.71653866,-33.6915714857,-211.742298697,
-1086.84115146,-32.6245467603,-211.368907452,
-1084.95549522,-31.5538678171,-210.994036801,
-1083.06726511,-30.4838709923,-210.619197214,
-1081.16169557,-29.4062837258,-210.241474056,
-1079.25026632,-28.327597606,-209.863155924,
-1077.33481357,-27.24897922,-209.484639309,
-1075.40032777,-26.1619004986,-209.102917994,
-1073.46365962,-25.0760288859,-208.721379163,
-1071.51712345,-23.986967627,-208.338496685,
-1069.55791617,-22.8932438977,-207.953721023,
-1067.59702823,-21.8010351354,-207.569233932,
-1065.6188385,-20.7017640102,-207.182013964,
-1063.63580145,-19.6022661713,-206.794441329,
-1061.64633308,-18.5018416189,-206.406286995,
-1059.64128059,-17.3953978595,-206.015735079,
-1057.63505008,-16.2910258379,-205.625654174,
-1055.61311668,-15.1807216294,-205.233175642,
-1053.58549093,-14.0700090222,-204.840283169,
-1051.55131866,-12.9585496606,-204.446839517,
-1049.50229898,-11.8418729259,-204.051242689,
-1047.45283535,-10.7278400058,-203.656269947,
-1045.38534863,-9.60697237107,-203.258579869,
-1043.31509583,-8.48761949195,-202.861102408,
-1041.23438449,-7.36568695375,-202.462388261,
-1039.14357834,-6.24142348814,-202.06252929,
-1037.04914425,-5.1184277808,-201.662777041,
-1034.93801765,-3.98967845991,-201.2606294,
-1032.82728491,-2.86442391558,-200.859397833,
-1030.69838788,-1.73284170354,-200.455542583,
-1028.56780232,-0.603808407732,-200.052222515,
-1026.42441618,0.528595945018,-199.647347411,
-1024.27432932,1.66094734567,-199.242107634,
-1022.11601237,2.79411013043,-198.836182943,
-1019.94671547,3.9293042142,-198.429130936,
-1017.77296643,5.06314435924,-198.022172405,
-1015.58481388,6.20069076628,-197.613461065,
-1013.39531748,7.33510748748,-197.205468871,
-1011.18854551,8.47450197716,-196.795235617,
-1008.9828673,9.60937732283,-196.386194472,
-1006.75788736,10.750098383,-195.974606958,
-1004.53508,11.8855861498,-195.564440197,
-1002.29276768,13.0267861184,-195.15172658,
-1000.05224333,14.1627630605,-194.740417807,
-997.793051622,15.3038355681,-194.32677506,
-995.535266323,16.4397407556,-193.914505782,
-993.258738672,17.5804832937,-193.499947434,
-990.984032203,18.7157442385,-193.086853294,
-988.689961972,19.8559335215,-192.671408265,
-986.397703339,20.990437835,-192.257487798,
-984.086622223,22.1293533902,-191.84139906,
-981.77600335,23.2631037644,-191.426605632,
-979.448937546,24.3998826966,-191.010101533,
-977.119706141,25.5325980412,-190.594496091,
-974.777017108,26.6666178494,-190.177775322,
-972.428866759,27.7979957313,-189.76141964,
-970.07110616,28.9286234514,-189.34466649,
-967.703737756,30.0583293274,-188.927623156,
-965.331342567,31.1849143713,-188.511037852,
-962.944647592,32.3125914889,-188.093370062,
-960.557451869,33.4347519615,-187.677046539,
-958.151817404,34.5597163918,-187.258970357,
-955.744718596,35.6794125065,-186.842117584,
-953.325665331,36.7985917121,-186.424718764,
-950.898511121,37.915371559,-186.007430454,
-948.466621754,39.0280482311,-185.590909196,
-946.019265112,40.1414211959,-185.173308868,
-943.570061297,41.249158278,-184.757009975,
-941.107546632,42.3562904917,-184.340089821,
-938.637712684,43.4599748196,-183.92360107,
-936.163804515,44.5586455541,-183.508107897,
-933.673321416,45.6576795118,-183.091565019,
-931.180005318,46.7508484377,-182.676306408,
-928.677518911,47.8408428504,-182.261278336,
-926.163247266,48.9285487092,-181.846128889,
-923.645620868,50.0102205059,-181.432260959,
-921.115676217,51.0895137662,-181.018254383,
-918.576837515,52.1648042131,-180.60467276,
-916.033992361,53.2338382805,-180.192400183,
-913.477990616,54.3002950567,-179.779955661,
-910.913777882,55.3619330902,-179.368208296,
-908.344955342,56.4170302271,-178.957767964,
-905.764259489,57.4684276144,-178.54752045,
-903.173883886,58.5150031496,-178.137847208,
-900.578460749,59.5547006544,-177.729557204,
-897.974503483,60.5887226078,-177.322116812,
-895.357363776,61.6186758857,-176.914885826,
-892.734656871,62.6413376391,-176.509101186,
-890.106061701,63.656636739,-176.104748771,
-887.4643024,64.6671648139,-175.700761355,
-884.813776514,65.6709787664,-175.29787121,
-882.156992024,66.6669130721,-174.896535805,
-879.493708225,67.6548590201,-174.496724474,
-876.816908341,68.6371343896,-174.097491128,
-874.131717296,69.6115935784,-173.69964475,
-871.439657669,70.5774494762,-173.303445062,
-868.740541614,71.5345334081,-172.908953502,
-866.031738912,72.4834783212,-172.515850077,
-863.310923217,73.4248566228,-172.123845373,
-860.582784867,74.3567387,-171.733672361,
-857.847009501,75.2789351474,-171.345392592,
-855.103465286,76.1912418673,-170.959037057,
-852.352020064,77.0934324036,-170.574636689,
-849.587659665,77.9868219716,-170.191566203,
-846.814950826,78.8695980072,-169.810558404,
-844.034127995,79.7413673636,-169.431720401,
-841.245182069,80.601874375,-169.055082947,
-838.447799594,81.4508481409,-168.680737862,
-835.6419732,82.2880023684,-168.308700641,
-832.827574575,83.113042858,-167.939078421,
-830.003988407,83.925804689,-167.571840995,
-827.169502207,84.7264047154,-167.206851434,
-824.326554905,85.513799348,-166.844537486,
-821.475084826,86.287646189,-166.48494543,
-818.615031871,87.0475867546,-166.128152183,
-815.746398585,87.7932769652,-165.774265177,
-812.869128059,88.5243184833,-165.423346082,
-809.983287035,89.2403426955,-165.075471756,
-807.088821656,89.9409497328,-164.730764801,
-804.185801554,90.625723843,-164.389301865,
-801.27429761,91.2942564229,-164.051174695,
-798.354381878,91.9461308853,-163.716490057,
-795.426066232,92.5808999686,-163.385339193,
-792.489546398,93.1981469174,-163.057828338,
-789.544896464,93.7974093681,-162.734048142,
-786.592251737,94.3782481809,-162.414119492,
-783.631747411,94.9402246882,-162.098147735,
-780.663579242,95.4828703185,-161.786238026,
-777.687820161,96.0057324602,-161.478480113,
-774.702893992,96.508695052,-161.174795794,
-771.71009182,96.9910476521,-160.875442575,
-768.710214652,97.4522638234,-160.580556038,
-765.703450934,97.8919019446,-160.290271976,
-762.689986659,98.309505973,-160.004665483,
-759.670188089,98.7046588086,-159.723873076,
-756.644296282,99.0769288381,-159.447970826,
-753.609436061,99.426236098,-159.176837017,
-750.568221747,99.7518908286,-158.910732041,
-747.521554642,100.053424826,-158.649856052,
-744.46972621,100.330451854,-158.394287177,
-741.412555713,100.582674938,-158.144070662,
-738.347120183,100.809957141,-157.899052674,
-735.277515283,101.011665752,-157.659613486,
-732.203991203,101.187519157,-157.42581295,
-729.125210944,101.337312111,-157.19760412,
-726.040447411,101.460831744,-156.974985932,
-722.952818052,101.557704894,-156.75818632,
-719.862021946,101.627779595,-156.547234958,
-716.765133286,101.670941959,-156.341948033,
-713.666427307,101.68698632,-156.142614942,
-710.565113024,101.675844264,-155.949189569,
-707.459178237,101.637424375,-155.761534363,
-704.352468914,101.571764704,-155.579878295,
-701.242727373,101.478834621,-155.40405371,
-698.13092982,101.358725408,-155.234076281,
-695.018784123,101.211612169,-155.07000768,
-691.90335927,101.037509859,-154.91160449,
-688.788558836,100.836829966,-154.75903555,
-685.671694634,100.6096561,-154.612057725,
-682.555082212,100.356453244,-154.470687531,
-679.437863039,100.077511065,-154.33480417,
-676.320581644,99.7732642411,-154.204302161,
-673.203598936,99.4442238637,-154.07904561,
-670.086604006,99.0908477713,-153.958913824,
-666.970567036,98.7137998972,-153.843786165,
-663.854626931,98.3135994161,-153.7334351,
-660.739936121,97.89104024,-153.627770391,
-657.625754827,97.4467257295,-153.526533822,
-654.512807616,96.9814653013,-153.429619707,
-651.400720279,96.4954962877,-153.336998503,
-648.290033901,95.9890102734,-153.248823658,
-645.180679164,95.4621149353,-153.165187388,
-642.072952996,94.9149636948,-153.086197054,
-638.967030413,94.3477480514,-153.012005613,
-635.862659488,93.7605373345,-152.942689565,
-632.760748184,93.1536600936,-152.878386299,
-629.660435297,92.5270785531,-152.819202539,
-626.562935148,91.8812429668,-152.76527542,
-623.467266089,91.2160617754,-152.716696169,
-620.374522445,90.5319848711,-152.673601703,
-617.284152137,89.8290653061,-152.636113603,
-614.196642138,89.1075848923,-152.604338148,
-611.112237148,88.3678025246,-152.578396801,
-608.030390645,87.6098093111,-152.558411028,
-604.952145208,86.8340550703,-152.544517475,
-601.876593375,86.0405474081,-152.536807031,
-598.804661486,85.2297138872,-152.535431543,
-595.736179682,84.4017754358,-152.54048187,
-592.670980013,83.5568979796,-152.552125147,
-589.609804773,82.6955371654,-152.570437255,
-586.551900429,81.817737673,-152.59557155,
-583.497912211,80.9239556434,-152.627635658,
-580.447878949,80.01447082,-152.666782743,
-577.401233035,79.0894018511,-152.713120061,
-574.358814223,78.1492632956,-152.766770038,
-571.320184403,77.194233373,-152.827870342,
-568.285336266,76.224588991,-152.896543428,
-565.254815227,75.2407975233,-152.972927099,
-562.227949487,74.2429677591,-153.057143957,
-559.205229897,73.2315368023,-153.149331969,
-556.1869061,72.2069041527,-153.24959864,
-553.172253927,71.1691725548,-153.358112483,
-550.161955261,70.1188654218,-153.474980991,
-547.156022651,69.056370072,-153.600326765,
-544.153860102,67.98178527,-153.734333281,
-541.156154569,66.8956919446,-153.877076981,
-538.162861718,65.7984512545,-154.028710291,
-535.173449696,64.690219794,-154.189415797,
-532.188424496,63.5715599373,-154.359268936,
-529.207925992,62.4428788553,-154.538421024,
-526.23136152,61.304363429,-154.727022991,
-523.259053272,60.1565256395,-154.9252102,
-520.291261587,58.9998284005,-155.133117702,
-517.327574516,57.8345364587,-155.350880295,
-514.367944951,56.6610557082,-155.578663238,
-511.412751427,55.4799062278,-155.81657068,
-508.46179104,54.2914701696,-156.064767938,
-505.514614956,53.0959762934,-156.323420506,
-502.571718155,51.8940529735,-156.59263317,
-499.633044256,50.6861175651,-156.87255692,
-496.698168627,49.4724411332,-157.163373722,
-493.767213573,48.2535069826,-157.465235601,
-490.840268731,47.0298350853,-157.778249356,
-487.917330055,45.8018523675,-158.102583335,
-484.997750837,44.5697706866,-158.438467455,
-482.082011359,43.3342430486,-158.785979535,
-479.170010561,42.0957152343,-159.14528927,
-476.261615517,40.8546129247,-159.516566622,
-473.356356482,39.6112084394,-159.900027521,
-470.454586509,38.3661512244,-160.295781132,
-467.556261408,37.1199074506,-160.703982335,
-464.661214494,35.872932012,-161.124801181,
-461.768943322,34.6254972505,-161.558499036,
-458.879799653,33.378288336,-162.005138696,
-455.993738755,32.1317895168,-162.464920021,
-453.110594165,30.886494243,-162.938012068,
-450.230016732,29.642752886,-163.424614105,
-447.352084723,28.4011729427,-163.924894703,
-444.476846166,27.1623226088,-164.439006983,
-441.604197131,25.9267176356,-164.967103902,
-438.734034575,24.6948585059,-165.509384032,
-435.865919426,23.4671360621,-166.066091691,
-433.000175335,22.2442504606,-166.637303321,
-430.136699616,21.0267441868,-167.223232619,
-427.275421554,19.8151701062,-167.824032246,
-424.41621146,18.6100573345,-168.439885368,
-421.558758972,17.4118655895,-169.071051472,
-418.703305725,16.2213152219,-169.717607015,
-415.849791207,15.0389905108,-170.379750583,
-412.998218971,13.8654845428,-171.057635001,
-410.148534606,12.7014009952,-171.751443626,
-407.300442499,11.5472519111,-172.461405518,
-404.454077068,10.4037226142,-173.187658078,
-401.609544652,9.27148074331,-173.930338489,
-398.766831714,8.15115979929,-174.689598953,
-395.925987539,7.04340373896,-175.465621793,
-393.086940675,5.94885961878,-176.258543227,
-390.24962056,4.86798906781,-177.068499017,
-387.414231717,3.80093082896,-177.895243114,
-384.5810396,2.74770545862,-178.738437517,
-381.750186994,1.70829573187,-179.597804994,
-378.921815586,0.682680425279,-180.473052906,
-376.096065575,-0.32916600435,-181.363857993,
-373.273075277,-1.32727249594,-182.269927601,
-370.452736662,-2.3117497272,-183.19103029,
-367.635366364,-3.28255928858,-184.126797644,
-364.821125615,-4.2397336654,-185.076922756,
-362.010111595,-5.18331545323,-186.041083981,
-359.202387889,-6.1133502413,-187.018990837,
-356.398045478,-7.02988676238,-188.010307676,
-353.5972028,-7.93297537497,-189.014760536,
-350.799883786,-8.82267941874,-190.03201498,
-348.005987521,-9.69910087388,-191.061843916,
-345.215807362,-10.5622376975,-192.103868064,
-342.429298753,-11.4121487319,-193.157754186,
-339.646598463,-12.2488954465,-194.223230258,
-336.867719861,-13.0725390098,-195.299947944,
-334.092705887,-13.8831421368,-196.387604629,
-331.321538182,-14.6807709371,-197.485912688,
-328.55432071,-15.4654891616,-198.594523226,
-325.79100566,-16.2373619898,-199.713147953,
-323.031546724,-16.9964922627,-200.841498223,
-320.275991253,-17.7429241651,-201.979254446,
-317.524419926,-18.4767119059,-203.126066112,
-314.776886314,-19.1979245175,-204.281628092,
-312.033356546,-19.9066287186,-205.445604395,
-309.293893058,-20.6028927622,-206.61767395,
-306.558472161,-21.2867883514,-207.797545939,
-303.827167827,-21.9583830207,-208.984868241,
-301.099933975,-22.6177470121,-210.179349785,
-298.376832689,-23.2649586912,-211.380639426,
-295.657828996,-23.9000929726,-212.588432092,
-292.942917524,-24.5232287916,-213.802422755,
-290.232063519,-25.1344435912,-215.022245249,
-287.525263925,-25.7338133758,-216.247624842,
-284.822486358,-26.3214185483,-217.478210492,
-282.123669088,-26.8973402217,-218.713727394,
-279.428843134,-27.4616317501,-219.953793842,
-276.737979622,-28.0143684882,-221.198073933,
-274.051050776,-28.5556155505,-222.446262213,
-271.368029882,-29.0854432629,-223.698007432,
-268.688891212,-29.603921641,-224.952973588,
-266.013579324,-30.1111148571,-226.21082466,
-263.342070112,-30.6070947789,-227.471224616,
-260.67430953,-31.0919239733,-228.733837421,
-258.01024398,-31.5656692043,-229.998296541,
-255.349865933,-32.0283996362,-231.264265984,
-252.693076382,-32.4801793209,-232.53137926,
-250.039837301,-32.9210748724,-233.799300482,
-247.390095124,-33.3511498046,-235.067648003,
-244.743765337,-33.7704759867,-236.336070828,
-242.100808593,-34.1791107473,-237.604172256,
-239.461123746,-34.5771235631,-238.871601455,
-236.824593491,-34.9645883843,-240.137992449,
-234.191053723,-35.3415759546,-241.402964139,
-231.560537603,-35.708130852,-242.666120241,
-228.932939739,-36.0643248347,-243.927003537,
-226.308184024,-36.4102109815,-245.185233194,
-223.68613203,-36.7458541276,-246.440382647,
-221.066720349,-37.0713117018,-247.691994872,
-218.44980804,-37.3866412708,-248.939658561,
-215.835298736,-37.6919004396,-250.182886159,
-213.223079718,-37.9871429483,-251.421235752,
-210.613006752,-38.2724223906,-252.654204317,
-208.004599123,-38.5478264566,-253.881502353,
-205.39789416,-38.8133852691,-255.102489196,
-202.792928732,-39.069128521,-256.316600362,
-200.189541058,-39.3150968573,-257.523240637,
-197.587630456,-39.5513303191,-258.721890943,
-194.987020238,-39.7778759334,-259.911940484,
-192.38680205,-39.9948258206,-261.093144558,
-189.787502489,-40.2021568835,-262.264525921,
-187.189023979,-40.3998910654,-263.425412462,
-184.59136217,-40.5879465631,-264.575406772,
-181.993950319,-40.7660882859,-265.714782874,
-179.397231064,-40.9339812575,-266.843509775,
-176.801772014,-41.0912822735,-267.961495672,
-174.207579672,-41.237678167,-269.068862724,
-171.613962573,-41.3728706573,-270.166099716,
-169.022193845,-41.496462295,-271.252840731,
-166.432222373,-41.6080990843,-272.32929747,
-163.843274404,-41.707462302,-273.395925006,
-161.256714182,-41.7941232638,-274.452384802,
-158.671970765,-41.8677228133,-275.499070824,
-156.089269042,-41.927864445,-276.536133024,
-153.509431673,-41.9741257309,-277.563416478,
-150.93136161,-42.0061079015,-278.581651729,
-148.356833084,-42.0233629937,-279.590349091,
-145.784495381,-42.025457272,-280.590301266,
-143.216036903,-42.0119295342,-281.581141925,
-140.650371994,-41.982296127,-282.563573534,
-138.089103088,-41.9360927,-283.537261643,
-135.531012606,-41.8727903682,-284.503032105,
-132.977876046,-41.791913714,-285.460521149,
-130.428694415,-41.6928882656,-286.410494644,
-127.884721464,-41.5752043061,-287.352803212,
-125.346045977,-41.4382986146,-288.287877606,
-122.812552376,-41.2815620054,-289.216118015,
-120.285447015,-41.1044574748,-290.13752793,
-117.764533558,-40.9063371312,-291.052659833,
-115.250189464,-40.6865756207,-291.961791252,
-112.743372762,-40.4445739605,-292.86510763,
-110.244447425,-40.1796756193,-293.762976998,
-107.753159536,-39.8911284236,-294.656041333,
-105.270827466,-39.5783324881,-295.544362146,
-102.797945493,-39.240592352,-296.428366429,
-100.335060751,-38.8771971422,-297.308480497,
-97.8825828117,-38.4873938772,-298.185130044,
-95.4410727176,-38.0704371588,-299.058862284,
-93.011518062,-37.6256311222,-299.92991877,
-90.5946225954,-37.1522379726,-300.79884589,
-88.1911499855,-36.6495122624,-301.66603728,
-85.8018925215,-36.1167048367,-302.532008529,
-83.4277019196,-35.5530780332,-303.397275285,
-81.0694658406,-34.9578943373,-304.262292441,
-78.7281309845,-34.3304315655,-305.127606697,
-76.4046950168,-33.6699905896,-305.993704232,
-74.1001914123,-32.9758914438,-306.861102264,
-71.8157120689,-32.2474772402,-307.730349116,
-69.5523920157,-31.4841407992,-308.601963277,
-67.3114093204,-30.6853037866,-309.476463827,
-65.0939849396,-29.8504433631,-310.354370512,
-62.9013751517,-28.9790980391,-311.236234127,
-60.7348751196,-28.0708657503,-312.122514389,
-58.5958000245,-27.1254211772,-313.013732389,
-56.4854580451,-26.1425023998,-313.910378909,
-54.4051049025,-25.1219072623,-314.812944803,
-52.3562601231,-24.0636460115,-315.721798738,
-50.3402344342,-22.9677602537,-316.63724811,
-48.3580265693,-21.8342878984,-317.558775937,
-46.4104518139,-20.6633293793,-318.485406784,
-44.4982674115,-19.4550895155,-319.416256112,
-42.6221382876,-18.2098531749,-320.350347241,
-40.7827595884,-16.9280786645,-321.286611493,
-38.9807189419,-15.6103174047,-322.224071405,
-37.2165196399,-14.2572100898,-323.161657825,
-35.4905611433,-12.8694999085,-324.098423583,
-33.803177357,-11.4480249535,-325.033330062,
-32.1545942903,-9.99371339658,-325.965399812,
-30.5449643707,-8.50757788057,-326.893686152,
-28.9743566126,-6.99072029753,-327.817212148,
-27.4427259346,-5.44428664643,-328.735092688,
-25.9499244425,-3.86946423974,-329.64650402,
-24.4957297238,-2.26749381029,-330.550622656,
-23.0798352811,-0.639648674157,-331.446686353,
-21.7018501548,1.01277669776,-332.333994123,
-20.3613376315,2.68844380621,-333.211906163,
-19.0578108634,4.38597742106,-334.07975218,
-17.7906373973,6.10411443661,-334.937045017,
-16.5591644735,7.8415645487,-335.783327916,
-15.3626869334,9.59706258217,-336.61811347,
-14.2004523366,11.3693787388,-337.441097197,
-13.0741111172,13.153381337,-338.250173798,
-11.9900856598,14.9353299651,-339.039697671,
-10.9470033639,16.7132427255,-339.809577039,
-9.94336984118,18.4854521072,-340.559841801,
-8.97751803152,20.250752864,-341.290796183,
-8.04781455317,22.0080806175,-342.002713499,
-7.1527457679,23.7563422063,-342.695897238,
-6.2909625561,25.4943069512,-343.370589484,
-5.46080326292,27.2215718958,-344.027306803,
-4.66105218324,28.9370225485,-344.666321367,
-3.89053363241,30.6396226534,-345.287874729,
-3.14779843181,32.3291236913,-345.892544104,
-2.4316764001,34.0048595669,-346.480662671,
-1.74104083165,35.6662462902,-347.052624821,
-1.07480670509,37.3127629916,-347.60882524,
-0.431929449934,38.9439729411,-348.149689535,
0.188595794138,40.5594931271,-348.675552213,
0.787736126518,42.159017089,-349.186900965,
1.36642216229,43.7423035747,-349.684071455,
1.9255492185,45.3091689232,-350.167522126,
2.46574755416,46.8588043342,-350.637467874,
2.9879683777,48.3914619813,-351.094368416,
3.4930781468,49.9072916331,-351.538745034,
3.98171573501,51.4059096246,-351.970844829,
4.45442154605,52.8867155832,-352.390915196,
4.91221531772,54.3507197139,-352.79957002,
5.35536482316,55.7966709839,-353.196873814,
5.7848036022,57.2255960777,-353.583378232,
6.20082390203,58.6366888757,-353.959234086,
6.60415906793,60.0307523361,-354.324958504,
6.99500099444,61.406803895,-354.680612017,
7.37418502503,62.7661877306,-355.026774948,
7.74176044446,64.1075317256,-355.363387549,
8.09844149084,65.4319049604,-355.691031605,
8.44469210415,66.739582817,-356.009984232,
8.780610175,68.0294976902,-356.320217619,
9.10681475943,69.3026263867,-356.622253359,
9.42371504491,70.559220693,-356.916338287,
9.73165366954,71.7993413671,-357.20268845,
10.0308252384,73.0224919712,-357.481458361,
10.3216496347,74.229152327,-357.752863047,
10.6045083427,75.4197104609,-358.017269385,
10.8797038618,76.5943023232,-358.274829933,
11.1475299249,77.7530483878,-358.525757486,
11.4082672006,78.896114633,-358.770294617,
11.662189703,80.0236439884,-359.008622153,
11.90955957,81.1358173241,-359.240981349,
12.1506307059,82.2328078007,-359.467582428,
12.385644551,83.3148189838,-359.688574203,
12.614836718,84.38204683,-359.904196853,
12.8384298889,85.4347101817,-360.114598926,
13.0566377725,86.4730356361,-360.320020598,
13.2696664879,87.4972575411,-360.520549709,
13.4777113421,88.5076180697,-360.716396569,
13.6809604858,89.5043520232,-360.90771091,
13.8795914091,90.4877326099,-361.094643102,
14.0737763395,91.4580028492,-361.277374622,
14.2636148136,92.4151314066,-361.45596559,
14.4492251108,93.3591864964,-361.63050735,
14.6308446148,94.2908852099,-361.801244457,
14.8086124223,95.2105100959,-361.968330535,
14.9826648464,96.1183516616,-362.131858748,
15.1530679278,97.0143726395,-362.291922677,
15.3198556927,97.89837582,-362.448555205,
15.4832880887,98.771423144,-362.602003047,
15.6434761667,99.6337985111,-362.75239101,
15.800442736,100.485335788,-362.89975226,
15.9542206602,101.325945245,-363.04415045,
16.1050605795,102.156742668,-363.185801555,
16.2530607976,102.978042698,-363.324829715,
16.3980584123,103.788679684,-363.46108412,
16.5403954736,104.590379525,-363.594901822,
16.680168132,105.383456362,-363.726375381,
16.8172019319,106.166690496,-363.85535283,
16.9518409406,106.941806937,-363.98213961,
17.0841464444,107.708950935,-364.106827261,
17.2140068152,108.467199079,-364.229293444,
17.3417646967,109.218304966,-364.349842923,
17.4673615085,109.961662591,-364.468414469,
17.5908902091,110.697581761,-364.585069014,
17.7125819164,111.427250517,-364.700050802,
17.8322165345,112.149088056,-364.813146402,
17.9501797415,112.865268063,-364.924722292,
18.0663582651,113.574928205,-365.034626239,
18.1808915054,114.278755531,-365.14301123,
18.2938857282,114.977262046,-365.249969203,
18.4052685241,115.669876779,-365.355470053,
18.5153277431,116.358256892,-365.459758248,
18.6238232888,117.040802013,-365.562620444,
18.7311294447,117.719780113,-365.664392573,
18.8370334581,118.393759001,-365.764891573,
18.9418111774,119.064419369,-365.864361569,
19.0453463101,119.730962373,-365.962741365,
19.1478147171,120.39447359,-366.060152719,
19.2491836476,121.054665249,-366.156625676,
19.3495522762,121.712172602,-366.252190162,
19.4489450452,122.36711199,-366.34693702,
19.5474115876,123.019775034,-366.440895894,
19.6450168015,123.670567632,-366.534096369,
19.7417687759,124.319544501,-366.626598431,
19.8377617572,124.967301858,-366.718492568,
19.932985563,125.613741396,-366.809716635,
20.0275412467,126.259565693,-366.900452627,
20.1214138981,126.904622599,-366.990638401,
20.214707875,127.549652385,-367.080364503,
20.3074019581,128.194464318,-367.169629971,
20.3996057483,128.839821135,-367.258556048,
20.4912976355,129.485531691,-367.347111476,
20.5825791765,130.132343081,-367.435387246,
20.6734398647,130.780101929,-367.523382899,
20.76397129,131.429493959,-367.611159219,
20.8541720705,132.080426511,-367.698716044,
20.9441236893,132.73353925,-367.786175502,
21.0338298569,133.388800302,-367.87350721,
21.123373171,134.046772825,-367.960772542,
21.212752545,134.707470562,-368.048002371,
21.3020531718,135.371456557,-368.135227719,
21.3912687015,136.03871398,-368.222479664,
21.480488243,136.709882192,-368.309819833,
21.5696937975,137.384822376,-368.397248774,
21.65898907,138.064311403,-368.484858601,
21.7483359292,138.748073396,-368.572588754,
21.8378517092,139.437053453,-368.660592188,
21.9274694158,140.130762561,-368.748777531,
22.017339786,140.830405837,-368.83726685,
22.1073484883,141.535174575,-368.925998846,
22.1976838793,142.246671517,-369.015156002,
22.288175661,142.963630473,-369.10455437,
22.3790622244,143.68810915,-369.194437247,
22.4701264601,144.418441452,-369.284621039,
22.5616195664,145.156760898,-369.375349518,
22.6533825802,145.90190521,-369.466439489,
22.745574006,146.655199474,-369.55810456,
22.8381400702,147.416320983,-369.650222912,
22.931125089,148.18571015,-369.742916942,
23.0245970706,148.964021229,-369.836187093,
23.1184704357,149.750626913,-369.929972921,
23.2129305892,150.54715847,-370.024488642,
23.3078130224,151.352302317,-370.11949084,
23.4033000678,152.167705344,-370.215254852,
23.4993458037,152.993076801,-370.311659394,
23.5959519896,153.828507696,-370.408766209,
23.6932422502,154.67517274,-370.506637059,
23.7910696549,155.531912307,-370.605150597,
23.889597464,156.400283222,-370.70449058,
23.9888191332,157.280331958,-370.80459658,
24.0886628934,158.171571292,-370.905469158,
24.1892679355,159.075391132,-371.00720037,
24.2905766254,159.991442223,-371.109729596,
24.3925858668,160.919848584,-371.213087722,
24.4953852758,161.861634835,-371.31733602,
24.5989225697,162.816513526,-371.42244418,
24.7031884629,163.784609451,-371.528412276,
24.8082662664,164.766917335,-371.635331846,
24.9141296646,165.763455425,-371.743141707,
25.0207074969,166.773830128,-371.851841607,
25.1281013945,167.799234737,-371.961522759,
25.2363052326,168.839947067,-372.072154127,
25.3452432866,169.895542891,-372.183704558,
25.4549497757,170.966650778,-372.296203815,
25.565450658,172.053883796,-372.409712046,
25.6767387563,173.157534408,-372.524228259,
25.7887529021,174.277330169,-372.639690294,
25.9014984658,175.413730781,-372.756127473,
26.0150016491,176.567378637,-372.873569084,
26.1292504343,177.738534292,-372.992044342,
26.2442310593,178.927473084,-373.111521489,
26.3598919515,180.134057926,-373.23199931,
26.4762376227,181.358731034,-373.353476726,
26.5932811891,182.602040945,-373.475983323,
26.7110082668,183.864245709,-373.59951842,
26.8294098813,185.145648615,-373.724081603,
26.948476939,186.446491326,-373.849672784,
27.068198807,187.767045464,-373.976292257,
27.1885654981,189.107536265,-374.10397131,
27.3095567455,190.468051076,-374.232650062,
27.4311995322,191.849164949,-374.362360731,
27.5534907899,193.251163586,-374.493135506,
27.676422681,194.674306307,-374.624944048,
27.7999782594,196.118899367,-374.75781683,
27.9241481675,197.585233885,-374.891723569,
28.0489206284,199.073585843,-375.026695185,
28.1742871857,200.584261908,-375.162701736,
28.3002346401,202.117553641,-375.299743872,
28.4267584493,203.6737375,-375.437852866,
28.5538470164,205.253135887,-375.576998955,
28.6814951279,206.85604082,-375.717213426,
28.8096939536,208.482744446,-375.858435968,
28.9384350067,210.133569521,-376.000758799,
29.06770964,211.808793095,-376.144090959,
29.1974958742,213.5085549,-376.288463468,
29.3277827746,215.233162491,-376.433876725,
29.4585724922,216.983045387,-376.580331072,
29.5898550798,218.758541434,-376.727826728,
29.7216181924,220.559942467,-376.876394376,
29.8538524577,222.387585855,-377.026003571,
29.9865421167,224.241778083,-377.176654343,
30.1196456175,226.122413278,-377.328316145,
30.2531568752,228.029980167,-377.48101942,
30.3870783162,229.96499753,-377.634764079,
30.5213943059,231.927785194,-377.78954999,
30.6560728655,233.918525122,-377.945407522,
30.791061977,235.937001903,-378.102244975,
30.9263870189,237.984189735,-378.260153664,
31.0620246101,240.060390871,-378.419133382,
31.1979161736,242.165342341,-378.579122799,
31.3340576612,244.299574201,-378.740152121,
31.4704463291,246.463783838,-378.902281999,
31.6070175233,248.657630659,-379.065420436,
31.7437673466,250.881643504,-379.229627965,
31.8806934253,253.136564699,-379.394934556,
32.0177109412,255.421640978,-379.561278552,
32.1548555437,257.738163937,-379.728689864,
32.2920712793,260.085945098,-379.897228892,
32.4293445335,262.46528461,-380.066833979,
32.5666643529,264.876727155,-380.237535081,
32.7039821822,267.320085548,-380.409362256,
32.8413154832,269.796302456,-380.582315164,
32.9785527,272.303849369,-380.756332519,
33.1149908133,274.830334183,-380.930529163,
33.2503802285,277.370934705,-381.104569565,
33.3847608447,279.926201223,-381.278576269,
33.5181287103,282.495708729,-381.452488861,
33.6505132129,285.079674444,-381.626338718,
33.781934727,287.677981283,-381.800187834,
33.9124091271,290.290513613,-381.974037261,
34.0419971942,292.917584499,-382.147888079,
34.1707083556,295.55862229,-382.321618838,
34.2986132607,298.214424851,-382.495259346,
34.4256738339,300.883897124,-382.668595462,
34.5519709132,303.568079849,-382.841657778,
34.6775082836,306.266273148,-383.014324801,
34.8023496211,308.978722805,-383.186505923,
34.9265444902,311.705552187,-383.358110659,
35.0501357991,314.446243446,-383.529079185,
35.1732123086,317.201499034,-383.699351561,
35.2958089517,319.970525657,-383.868776072,
35.4180205012,322.75384184,-384.03729226,
35.5399173359,325.551416387,-384.204839267,
35.6615593989,328.362759935,-384.371294726,
35.7830539266,331.188542432,-384.536566287,
35.9044504994,334.028090717,-384.700591716,
36.0258486788,336.881738479,-384.863247286,
36.1473392374,339.749727667,-385.024470039,
36.2689621021,342.631171015,-385.184074768,
36.3908395606,345.526951262,-385.342089861,
36.5130384425,348.436730589,-385.498330216,
36.6356227175,351.360140866,-385.652702579,
36.7586886787,354.297790824,-385.805175159,
36.8822946808,357.249252002,-385.955564127,
37.0065116288,360.21443209,-386.103777856,
37.1314301739,363.193788569,-386.24978645,
37.2570955254,366.18683344,-386.393438638,
37.383576644,369.193598012,-386.53461433,
37.5109547507,372.214449771,-386.673255022,
37.6392697764,375.248993756,-386.809211173,
37.7685781086,378.297201589,-386.942425062,
37.8989645322,381.359411402,-387.072778094,
38.0304656398,384.435381723,-387.200182163,
38.1631277822,387.524840687,-387.324487921,
38.2970307592,390.628279339,-387.445637218,
38.4322226851,393.745578315,-387.56351035,
38.5687396919,396.876129793,-387.677987006,
38.706660548,400.020637913,-387.788976745,
38.8460490252,403.179013039,-387.896327421,
38.9869389809,406.350707422,-387.999977689,
39.1294044341,409.536088389,-388.099774147,
39.273524634,412.73530924,-388.19565434,
39.4193540444,415.948156637,-388.287433358,
39.5669451886,419.174233742,-388.375048021,
39.7163991967,422.414089369,-388.458343507,
39.8677883547,425.667661667,-388.537225897,
40.0211755486,428.934552792,-388.611570798,
40.1766406765,432.214852965,-388.681253905,
40.3342881388,435.508804818,-388.74618161,
40.4941998989,438.81637621,-388.806199299,
40.6564313582,442.137046633,-388.861182934,
40.8210895622,445.471149463,-388.911038699,
40.9882547134,448.818802223,-388.955641031,
41.157998402,452.179969698,-388.994863262,
41.3303666353,455.554068387,-389.028547447,
41.5054504484,458.94155404,-389.056596309,
41.6833254177,462.342456696,-389.078912289,
41.8640606784,465.756777264,-389.095306529,
42.0477118801,469.183999118,-389.105682135,
42.2343681318,472.624400171,-389.109912642,
42.4241217412,476.07813718,-389.107872609,
42.6170534807,479.545214991,-389.099438012,
42.8132481722,483.025272712,-389.084486263,
43.0127834636,486.518254844,-389.062896343,
43.2157910128,490.024441578,-389.03451831,
43.4223646586,493.543868662,-388.999264622,
43.6326216465,497.07644924,-388.957018518,
43.8466333922,500.621637882,-388.907633683,
44.0645551688,504.179895224,-388.85102556,
44.2865032431,507.751253414,-388.78704887,
44.5126043513,511.335651619,-388.715619442,
44.7429794255,514.932966447,-388.636561196,
44.9777281968,518.542798253,-388.549819605,
45.217011769,522.165539346,-388.45524763,
45.4609534075,525.801183859,-388.352727846,
45.7096906781,529.449663686,-388.242141657,
45.963333267,533.110848746,-388.123338798,
46.2219850796,536.784303188,-387.996259552,
46.485800558,540.470506615,-387.860721033,
46.7549047279,544.169389525,-387.716600685,
47.0294037321,547.880822127,-387.563775222,
47.3094154924,551.604858812,-387.402151541,
47.5950082109,555.340822998,-387.23160575,
47.8863263052,559.089321542,-387.051983398,
48.1834721552,562.850230694,-386.863130152,
48.4865444378,566.62348956,-386.664983423,
48.7956382272,570.409100018,-386.457358833,
49.1108109911,574.206638203,-386.240194342,
49.4321782519,578.016291791,-386.013458662,
49.7598605781,581.838188193,-385.777242814,
50.093976441,585.672272039,-385.531637952,
50.434631119,589.518487783,-385.276735257,
50.7819440703,593.376779228,-385.012625914,
51.1360034184,597.246844945,-384.739462051,
51.4969621532,601.128931313,-384.457243047,
51.864955446,605.023041039,-384.166090351,
52.2401169503,608.929118151,-383.866064273,
52.6225878708,612.847105867,-383.557255494,
53.0125175134,616.777007216,-383.239723939,
53.410044276,620.718579909,-382.913498838,
53.8153461485,624.671946738,-382.578731464,
54.2285924929,628.6371074,-382.235390425,
54.6499863509,632.613999988,-381.883568443,
55.079728515,636.60256263,-381.523358151,
55.5180243073,640.602733526,-381.154759948,
55.965076217,644.614450919,-380.777834513,
56.4210889689,648.637714055,-380.392641774,
56.8862817155,652.672461028,-379.999240901,
57.3608665854,656.718690764,-379.597629394,
57.8450680775,660.776279848,-379.187865108,
58.3391169139,664.845165557,-378.770005499,
58.8432508077,668.92534583,-378.34404666,
59.3577234796,673.016757199,-377.91001516,
59.8828010991,677.119274784,-377.467998765,
60.418759719,681.232895464,-377.017933037,
60.9658972674,685.357493801,-376.559937281,
61.5245306655,689.493005266,-376.093948597,
62.0949843968,693.639365292,-375.620057665,
62.6776102135,697.796509436,-375.138234219,
63.2727873738,701.964312485,-374.648510197,
63.8809074867,706.142710706,-374.150949164,
64.5023857691,710.331640934,-373.64549359,
65.1376648196,714.530857637,-373.132239377,
65.7872217232,718.740421294,-372.611130312,
66.4515373807,722.960027112,-372.082232623,
67.1311337142,727.189676381,-371.545551398,
67.8265732644,731.429127121,-371.001091519,
68.5384505497,735.678443195,-370.448826744,
69.2674296013,739.937688873,-369.888760667,
70.0140982234,744.206318066,-369.320896009,
70.7791195536,748.484089302,-368.745295671,
71.5632160329,752.770760001,-368.16193011,
72.3671229018,757.066026915,-367.570799534,
73.1918161026,761.370565279,-366.971811917,
74.0380469341,765.683647953,-366.364996814,
74.9066160445,770.004365536,-365.750413974,
75.7984870607,774.332541296,-365.128031415,
76.715015651,778.66946308,-364.49763405,
77.6568898539,783.012878211,-363.859434184,
78.6253498671,787.362730168,-363.213400162,
79.6219522962,791.719998766,-362.559256407,
80.6475033885,796.081817252,-361.897399013,
81.7041030394,800.450505362,-361.227308736,
82.7926368415,804.822644195,-360.54944309,
83.9155073468,809.200306763,-359.863313629,
85.0738282625,813.579888735,-359.169347571,
86.2703927213,817.963461311,-358.467087166,
87.5068745639,822.348151191,-357.756776659,
88.7856451161,826.73267162,-357.038477351,
90.1099728839,831.117749813,-356.311823505,
91.4824825809,835.500877909,-355.576999054,
92.9063942782,839.880158131,-354.834035389,
94.3854067294,844.253997421,-354.082901563,
95.9236501363,848.620436933,-353.323596526,
97.5257064121,852.977030218,-352.556180056,
99.1966846733,857.320782336,-351.780681162,
100.942251873,861.647966826,-350.99725064,
102.767740005,865.955102411,-350.20570339,
104.678581405,870.240051674,-349.405152256,
106.678454018,874.495612522,-348.595655936,
108.773990737,878.720016261,-347.775960991,
110.96948317,882.905208924,-346.946004151,
113.271491594,887.046616735,-346.104745882,
115.686166369,891.137408796,-345.251482592,
118.219240599,895.169107214,-344.385602614,
120.876968954,899.132990574,-343.506372637,
123.665981789,903.019910427,-342.6128461,
126.592135251,906.818765098,-341.704350817,
129.660101733,910.516681862,-340.780367145,
132.876348813,914.10249576,-339.839796142,
136.243408709,917.560768411,-338.882454776,
139.764243693,920.877403216,-337.907733331,
143.439987344,924.037387011,-336.915266736,
147.26968535,927.025705347,-335.904934532,
151.250081392,929.82783035,-334.876769234,
155.375663132,932.4303323,-333.830986759,
159.638890271,934.821735775,-332.767955698,
164.030148376,936.992823086,-331.688105709,
168.537687384,938.937061476,-330.5921105,
173.14910069,940.651274717,-329.480490929,
177.850959,942.135216133,-328.353798143,
182.629801313,943.391629818,-327.212491358,
187.472851927,944.426250852,-326.056785336,
192.367668804,945.246645744,-324.886924955,
197.303777001,945.862578782,-323.702666565,
202.270730269,946.28466929,-322.503979854,
207.260919211,946.524513769,-321.290254471,
212.267068358,946.594136567,-320.061001958,
217.283122276,946.505257394,-318.815733751,
222.305283179,946.268131545,-317.555517641,
227.3303632,945.891793891,-316.282642061,
232.355905923,945.38503534,-314.99915129,
237.380080266,944.756707787,-313.706875983,
242.401649547,944.014991503,-312.407433158,
247.419849519,943.168005286,-311.102256756,
252.434372647,942.223195984,-309.79250606,
257.431192632,941.190633923,-308.48297202,
262.395198741,940.081365135,-307.178598187,
267.327331505,938.902590228,-305.880055667,
272.227125379,937.661509514,-304.588381836,
277.095211276,936.364468886,-303.304125832,
281.930753643,935.017692777,-302.028203066,
286.734965769,933.626369174,-300.760888253,
291.507844341,932.195746768,-299.502761391,
296.249510985,930.730463658,-298.254219445,
300.960120845,929.234852748,-297.015720415,
305.639862295,927.712943446,-295.787539181,
310.289017877,926.168399924,-294.569981024,
314.907809553,924.604576911,-293.363290127,
319.496551292,923.024581313,-292.167619005,
324.054336402,921.431639761,-290.983425199,
328.582180809,919.828123365,-289.810647304,
333.079970829,918.216525264,-288.649498427,
337.547195926,916.599400439,-287.5002221,
341.984321579,914.978695109,-286.362817644,
346.391354986,913.356357484,-285.237375871,
350.767356313,911.734460129,-284.124201277,
355.11321627,910.114467613,-283.023140623,
359.428634337,908.497907755,-281.934284944,
363.713400546,906.886371386,-280.857725335,
367.967273167,905.28108473,-279.793522519,
372.190100975,903.683458267,-278.741676363,
376.382097733,902.094414856,-277.702156277,
380.543048691,900.514999626,-276.674962349,
384.672676773,898.94625743,-275.660155806,
388.771162081,897.388987933,-274.657584341,
392.838622794,895.84374562,-273.667217763,
396.874840291,894.310351589,-272.688934445,
400.879259215,892.788076509,-271.722551724,
404.850468718,891.276311948,-270.768161658,
408.789346228,889.773959909,-269.825306984,
412.695120414,888.280470689,-268.893927142,
416.567233116,886.795354667,-267.973931022,
420.406316248,885.317633216,-267.065013803,
424.211261866,883.847242797,-266.167175812,
427.983006999,882.383143044,-265.280081561,
431.721023879,880.925209167,-264.403609084,
435.425426125,879.47288935,-263.537636341,
439.096938271,878.025510068,-262.68179706,
442.734881597,876.583008672,-261.836152175,
446.339921121,875.14483474,-261.00033528,
449.91263128,873.710499423,-260.17416305,
453.453251783,872.279636528,-259.35742161,
456.961687764,870.852063711,-258.550019185,
460.438517013,869.427476669,-257.751741885,
463.88437963,868.005327003,-256.962284357,
467.299703332,866.585432637,-256.18152434,
470.68491719,865.167428525,-255.409232847,
474.040543155,863.751010789,-254.645226669,
477.367073953,862.335997717,-253.889292139,
480.665034188,860.921963523,-253.14126141,
483.934947393,859.508726074,-252.400920875,
487.177359704,858.095918368,-251.668087382,
490.392847155,856.683417574,-250.942577827,
493.581987398,855.270796168,-250.224193846,
496.745298618,853.857932226,-249.512737103,
499.883361431,852.444460006,-248.8080551,
502.996818747,851.030136088,-248.109934318,
506.085734604,849.61490032,-247.418313794,
509.151028563,848.198448492,-246.73296478,
512.193285194,846.780476409,-246.053673772,
515.213150702,845.360679835,-245.380272982,
518.211088449,843.9388765,-244.712609925,
521.187165429,842.515067109,-244.050669373,
524.142181105,841.088885971,-243.394191941,
527.076934905,839.660028238,-242.742994494,
529.991798702,838.228310931,-242.096954931,
532.886594831,836.793795019,-241.456088424,
535.76248796,835.355991954,-240.820074433,
538.62009295,833.914657159,-240.188790785,
541.458864301,832.470095243,-239.5623289,
544.280087049,831.021573089,-238.940337707,
547.084191014,829.56896786,-238.322740808,
549.870689804,828.112583923,-237.709599121,
552.641049388,826.65168804,-237.100561604,
555.394904057,825.186462523,-236.495704522,
558.132863966,823.716662486,-235.894875228,
560.855538649,822.241860015,-235.297890602,
563.562438414,820.762481775,-234.704857469,
566.25496514,819.277672796,-234.115440181,
568.932384019,817.787982018,-233.529791355,
571.595851972,816.292676724,-232.947636408,
574.244938677,814.79206189,-232.369051706,
576.880495364,813.285710142,-231.793823702,
579.502335507,811.773682423,-231.221982986,
582.111065986,810.255673487,-230.653392303,
584.706561271,808.731683264,-230.088036468,
587.289428385,807.201528567,-229.52580873,
589.859481021,805.665270292,-228.966678615,
592.41732655,804.122480987,-228.410539341,
594.962779153,802.573343485,-227.857436728,
597.49650784,801.017430197,-227.307157169,
600.017961219,799.455167942,-226.759837993,
602.528358304,797.885762816,-226.21520457,
605.02659931,796.30988592,-225.673485739,
607.513965265,794.726682537,-225.134376324,
609.989906475,793.136640764,-224.597998409,
612.454850115,791.539394282,-224.064229866,
614.909101533,789.934821018,-223.533009673,
617.352233855,788.323165259,-223.00442937,
619.785162961,786.703816925,-222.478260029,
622.207035132,785.077325618,-221.95468477,
624.618767914,783.443141768,-221.433489957,
627.020362856,781.801265018,-220.914690804,
629.411332509,780.151939236,-220.398363633,
631.792592629,778.494614911,-219.884294793,
634.163532824,776.829719226,-219.372606368,
636.524519033,775.156947052,-218.863222065,
638.876039246,773.475932358,-218.356050301,
641.217238771,771.787468901,-217.851228435,
643.549155071,770.090885684,-217.348558088,
645.871849271,768.386427333,-216.847993483,
648.184772416,766.674704764,-216.34967195,
650.488962611,764.955291319,-215.853364592,
652.784481685,763.228309688,-215.359071408,
655.070720309,761.494431885,-214.866868694,
657.348717254,759.753109189,-214.376588602,
659.618473882,758.004464229,-213.888185326,
661.879564453,756.249229936,-213.40179621,
664.132661869,754.486796384,-212.917207617,
666.378011875,752.71740807,-212.434419545,
668.615188791,750.941492502,-211.953508261,
670.844743415,749.158805705,-211.474351693,
673.066860237,747.369347761,-210.996904079,
675.281296341,745.573423814,-210.521211183,
677.488357941,743.771033636,-210.047227211,
679.688289988,741.962115789,-209.574860641,
681.881154079,740.146791767,-209.104141976,
684.066706348,738.325304972,-208.635071231,
686.245496138,736.497471437,-208.167587385,
688.417462134,734.66335121,-207.701629418,
690.58260377,732.823187371,-207.237273639,
692.74104227,730.976917769,-206.774443768,
694.892959669,729.124541296,-206.313094029,
697.038476696,727.266117895,-205.853239725,
699.17734768,725.40182965,-205.394865584,
701.310059209,723.531553575,-204.937941101,
703.436487396,721.655349935,-204.482435789,
705.556630336,719.773401229,-204.028364877,
707.670669203,717.88564601,-203.575697863,
709.778663123,715.992084081,-203.124404213,
711.880671312,714.092715463,-202.67446867,
713.976692062,712.187784545,-202.225906462,
716.066845941,710.277169712,-201.778687087,
718.151131679,708.360871621,-201.332779997,
720.229670393,706.439013168,-200.888200437,
722.302522507,704.511595311,-200.444917873,
724.36962678,702.578619107,-200.002932307,
726.431166574,700.640146687,-199.562213191,
728.487081606,698.696179131,-199.122760554,
730.537434208,696.746778489,-198.684574367,
732.582347311,694.791945526,-198.247624112,
734.621757179,692.831741547,-197.811925049,
736.655782666,690.866105837,-197.3774466,
738.684421068,688.895099914,-196.944188765,
740.70767026,686.918785418,-196.512136271,
742.725589751,684.937224052,-196.081304332,
744.738300707,682.950233405,-195.651631928,
746.745680709,680.957997262,-195.22316485,
748.74773001,678.960577291,-194.795903098,
750.744693543,676.957851966,-194.369785667,
752.736450528,674.949821758,-193.944827844,
754.7222092,672.937463657,-193.521228009,
756.691900821,670.931032031,-193.101091934,
758.643086466,668.9332737,-192.684984209,
760.575829916,666.944371874,-192.272859102,
762.490500234,664.964143444,-191.864640319,
764.387405584,662.992527262,-191.460266869,
766.267159302,661.029095862,-191.059601423,
768.12982538,659.073970996,-190.662628737,
769.975711791,657.127030182,-190.269287747,
771.805126403,655.188211887,-189.879517416,
773.618376866,653.257332436,-189.493226179,
775.4159537,651.334024992,-189.11033771,
777.197797792,649.418533031,-188.730836723,
778.96433805,647.510672747,-188.354662166,
780.715636835,645.610382397,-187.981768234,
782.452061349,643.717539205,-187.612078588,
784.174161571,641.831715236,-187.245501676,
785.881815724,639.953153973,-186.882037469,
787.575267942,638.081732726,-186.521640204,
789.254639957,636.217389896,-186.164279334,
790.920297346,634.360002905,-185.809893825,
792.572300221,632.509510283,-185.45843793,
794.211257781,630.665423383,-185.109804836,
795.836985526,628.827986052,-184.764009818,
797.44972602,626.997198071,-184.421022373,
799.04959962,625.172937231,-184.080811998,
800.636848635,623.355081393,-183.743332946,
802.211532202,621.543569525,-183.408539441,
803.773892539,619.738401694,-183.07640101,
805.324171907,617.939211821,-182.746856587,
806.862673655,616.145939056,-182.419860442,
808.389212962,614.358644669,-182.095412573,
809.904093467,612.577389977,-181.773497708,
811.407313866,610.801992192,-181.454070085,
812.899117251,609.03239063,-181.137099171,
814.379563941,607.268524637,-180.822569722,
815.8488367,605.510333581,-180.510420689,
817.307057719,603.757756846,-180.200667316,
818.754349658,602.010733838,-179.893248566,
820.19108033,600.268837682,-179.588103421,
821.617131152,598.532251567,-179.28523185,
823.032566539,596.801036558,-178.984649142,
824.437572354,595.075009622,-178.686294276,
825.832211765,593.354231923,-178.390182511,
827.216547266,591.638581641,-178.096252827,
828.590762819,589.927998032,-177.804505254,
829.954919951,588.222420284,-177.514924561,
831.309140746,586.5217876,-177.227464974,
832.653485866,584.826039172,-176.942126506,
833.988015594,583.135114181,-176.658893958,
835.31285098,581.448951782,-176.377721524,
836.62811276,579.767369032,-176.098609249,
837.934104558,578.090243985,-175.821496082,
839.230580468,576.417637761,-175.546397297,
840.517660709,574.749611435,-175.273312894,
841.795465335,573.086042933,-175.002212326,
843.063992276,571.426871169,-174.733080319,
844.323361485,569.77209605,-174.465916859,
845.573570903,568.121595372,-174.200706642,
846.814740521,566.475368961,-173.937419092,
848.046868345,564.833355579,-173.676054193,
849.270135575,563.195493955,-173.416596629,
850.484418403,561.561661767,-173.159031065,
851.689898296,559.931919776,-172.903342214,
852.886634846,558.306206668,-172.649530032,
854.074565749,556.68433905,-172.397563911,
855.253812014,555.066438709,-172.147459111,
856.424555928,553.452139163,-171.899154523,
857.586796864,551.841440146,-171.652665406,
858.740473407,550.234463484,-171.407976441,
859.885646441,548.631147916,-171.165102902,
861.022316058,547.031432213,-170.924029515,
862.150482572,545.4353162,-170.684756281,
863.270207549,543.842738701,-170.447283214,
864.381613809,542.253638572,-170.211564553,
865.484580217,540.668015736,-169.977630845,
866.579290997,539.085809114,-169.745451617,
867.665808454,537.50695766,-169.515026898,
868.744072967,535.931522432,-169.286341473,
869.814147062,534.35932038,-169.05938013,
870.876154395,532.790473667,-168.834127652,
871.93009659,531.224860347,-168.610599328,
872.976097341,529.662358507,-168.388764701,
874.014341322,528.102785238,-168.168578023,
875.044646952,526.546384916,-167.950069826,
876.067076661,524.993157816,-167.733224911,
877.081631682,523.443043222,-167.518058538,
878.088435076,521.896102538,-167.304555475,
879.087487601,520.352153086,-167.092685192,
